	int	int	int	int	int	int	int	int	int	int	int	int	int	int	int	string
	tileNumber	top	bottom	adj_UN	adj_LN	adj_UE	adj_LE	adj_US	adj_LS	adj_UW	adj_LW	directSupports	cango W	cango N	cango NWC	Comment
\	10	1	1	0	0	1	1	1	1	1	1	1	0	1	0	Dark Wood Std
\	7	1	1	0	0	1	1	1	1	1	1	1	0	1	0	
\	12	1	1	0	0	1	1	1	1	1	1	1	0	1	0	
v	6	1	1	1	1	1	1	1	1	1	1	1	0	0	0	
./	13	1	1	1	1	1	1	1	1	0	0	1	1	0	0	
./	8	1	1	1	1	1	1	1	1	0	0	1	1	0	0	
./	11	1	1	1	1	1	1	1	1	0	0	1	1	0	0	
o	9	1	1	0	0	1	1	1	1	0	0	1	1	1	1	
\	14	1	1	0	0	1	1	1	1	1	1	1	0	1	0	
./	15	1	1	1	1	1	1	1	1	0	0	1	1	0	0	

\	18	1	1	0	0	0	1	0	1	0	1	0	0	1	0	
v	16	1	1	0	1	0	1	0	1	0	1	0	0	0	0	
./	17	1	1	0	1	0	1	0	1	0	0	0	1	0	0	
o	19	1	1	0	0	0	1	0	1	0	0	0	1	1	1	

\	22	1	1	0	0	0	1	0	1	0	1	0	0	1	0	
v	20	1	1	0	1	0	1	0	1	0	1	0	0	0	0	
./	21	1	1	0	1	0	1	0	1	0	0	0	1	0	0	
o	23	1	1	0	0	0	1	0	1	0	0	0	1	1	1	

\	171	1	1	0	0	1	1	1	1	1	1	1	0	1	0	Light Wood Std
\	168	1	1	0	0	1	1	1	1	1	1	1	0	1	0	
\	173	1	1	0	0	1	1	1	1	1	1	1	0	1	0	
v	166	1	1	1	1	1	1	1	1	1	1	1	0	0	0	
./	172	1	1	1	1	1	1	1	1	0	0	1	1	0	0	
./	167	1	1	1	1	1	1	1	1	0	0	1	1	0	0	
./	170	1	1	1	1	1	1	1	1	0	0	1	1	0	0	
o	169	1	1	0	0	1	1	1	1	0	0	1	1	1	1	
\	186	1	1	0	0	1	1	1	1	1	1	1	0	1	0	
\	9472	1	1	0	0	1	1	1	1	1	1	1	0	1	0	
\	9473	1	1	0	0	1	1	1	1	1	1	1	0	1	0	
./	185	1	1	1	1	1	1	1	1	0	0	1	1	0	0	
./	9478	1	1	1	1	1	1	1	1	0	0	1	1	0	0	
./	9479	1	1	1	1	1	1	1	1	0	0	1	1	0	0	
v	174	1	1	0	1	0	1	0	1	0	1	0	0	0	0	
\	175	1	1	0	0	1	1	1	1	1	1	1	0	1	0	Light Wood Std
./	176	1	1	1	1	1	1	1	1	0	0	1	1	0	0	
o	177	1	1	0	0	1	1	1	1	0	0	1	1	1	1	
\	178	1	1	0	0	1	1	1	1	1	1	1	0	1	0	Light Wood Std
./	179	1	1	1	1	1	1	1	1	0	0	1	1	0	0	
./	180	1	1	1	1	1	1	1	1	0	0	1	1	0	0	
\	181	1	1	0	0	1	1	1	1	1	1	1	0	1	0	Light Wood Std
./	187	1	1	1	1	1	1	1	1	0	0	1	1	0	0	
\	188	1	1	0	0	1	1	1	1	1	1	1	0	1	0	Light Wood Std

\	948	1	1	0	0	0	1	0	1	0	1	0	0	1	0	
v	947	1	1	0	1	0	1	0	1	0	1	0	0	0	0	
./	949	1	1	0	1	0	1	0	1	0	0	0	1	0	0	
o	950	1	1	0	0	0	1	0	1	0	0	0	1	1	1	

\	191	1	1	0	0	0	1	0	1	0	1	0	0	1	0	
v	189	1	1	0	1	0	1	0	1	0	1	0	0	0	0	
./	190	1	1	0	1	0	1	0	1	0	0	0	1	0	0	
o	192	1	1	0	0	0	1	0	1	0	0	0	1	1	1	

\	30	1	1	0	0	1	1	1	1	1	1	1	0	1	0	Field Stone Std
\	28	1	1	0	0	1	1	1	1	1	1	1	0	1	0	
\	33	1	1	0	0	1	1	1	1	1	1	1	0	1	0	
v	26	1	1	1	1	1	1	1	1	1	1	1	0	0	0	
./	32	1	1	1	1	1	1	1	1	0	0	1	1	0	0	
./	27	1	1	1	1	1	1	1	1	0	0	1	1	0	0	
./	31	1	1	1	1	1	1	1	1	0	0	1	1	0	0	
o	29	1	1	0	0	1	1	1	1	0	0	1	1	1	1	
\	34	1	1	0	0	1	1	1	1	1	1	1	0	1	0	
./	35	1	1	1	1	1	1	1	1	0	0	1	1	0	0	

\	10668	1	1	0	0	1	1	1	1	1	1	1	0	1	0	Fieldstone Stained Glass
\	10669	1	1	0	0	1	1	1	1	1	1	1	0	1	0	
\	10670	1	1	0	0	1	1	1	1	1	1	1	0	1	0	
\	10671	1	1	0	0	1	1	1	1	1	1	1	0	1	0	
\	10672	1	1	0	0	1	1	1	1	1	1	1	0	1	0	
./	10673	1	1	1	1	1	1	1	1	0	0	1	1	0	0	
./	10674	1	1	1	1	1	1	1	1	0	0	1	1	0	0	
./	10675	1	1	1	1	1	1	1	1	0	0	1	1	0	0	
./	10676	1	1	1	1	1	1	1	1	0	0	1	1	0	0	
./	10677	1	1	1	1	1	1	1	1	0	0	1	1	0	0	

\	37	0	1	0	0	0	1	0	1	0	1	0	0	1	0	Field Stone Half
v	36	0	1	0	1	0	1	0	1	0	1	0	0	0	0	
./	38	0	1	0	1	0	1	0	1	0	0	0	1	0	0	
o	39	0	1	0	0	0	1	0	1	0	0	0	1	1	1	

\	464	1	1	0	0	1	1	1	1	1	1	1	0	1	0	Weathered Stone Std
v	463	1	1	1	1	1	1	1	1	1	1	1	0	0	0	
./	465	1	1	1	1	1	1	1	1	0	0	1	1	0	0	
o	466	1	1	0	0	1	1	1	1	0	0	1	1	1	1	
\	467	1	1	0	0	1	1	1	1	1	1	1	0	1	0	
./	468	1	1	1	1	1	1	1	1	0	0	1	1	0	0	

\	10660	1	1	0	0	1	1	1	1	1	1	1	0	1	0	Weathered Stone Stained Glass
\	10661	1	1	0	0	1	1	1	1	1	1	1	0	1	0	
\	10662	1	1	0	0	1	1	1	1	1	1	1	0	1	0	
\	10663	1	1	0	0	1	1	1	1	1	1	1	0	1	0	
./	10664	1	1	1	1	1	1	1	1	0	0	1	1	0	0	
./	10665	1	1	1	1	1	1	1	1	0	0	1	1	0	0	
./	10666	1	1	1	1	1	1	1	1	0	0	1	1	0	0	
./	10667	1	1	1	1	1	1	1	1	0	0	1	1	0	0	

\	489	1	1	0	0	0	1	0	1	0	1	0	0	1	0	Weathered Roof Edges
v	488	1	1	0	1	0	1	0	1	0	1	0	0	0	0	
./	490	1	1	0	1	0	1	0	1	0	0	0	1	0	0	
o	491	1	1	0	0	0	1	0	1	0	0	0	1	1	1	

\	200	1	1	0	0	1	1	1	1	1	1	1	0	1	0	Granite Std
v	199	1	1	1	1	1	1	1	1	1	1	1	0	0	0	
./	201	1	1	1	1	1	1	1	1	0	0	1	1	0	0	
o	204	1	1	0	0	1	1	1	1	0	0	1	1	1	1	
\	202	1	1	0	0	1	1	1	1	1	1	1	0	1	0	
./	203	1	1	1	1	1	1	1	1	0	0	1	1	0	0	

\	222	1	1	0	0	0	1	0	1	0	1	0	0	1	0	Granite Roof Edges
v	220	1	1	0	1	0	1	0	1	0	1	0	0	0	0	
./	221	1	1	0	1	0	1	0	1	0	0	0	1	0	0	
o	223	1	1	0	0	0	1	0	1	0	0	0	1	1	1	

\	55	1	1	0	0	1	1	1	1	1	1	1	0	1	0	Grey Brick Std
\	52	1	1	0	0	1	1	1	1	1	1	1	0	1	0	
\	57	1	1	0	0	1	1	1	1	1	1	1	0	1	0	
v	51	1	1	1	1	1	1	1	1	1	1	1	0	0	0	
./	58	1	1	1	1	1	1	1	1	0	0	1	1	0	0	
./	53	1	1	1	1	1	1	1	1	0	0	1	1	0	0	
./	56	1	1	1	1	1	1	1	1	0	0	1	1	0	0	
o	54	1	1	0	0	1	1	1	1	0	0	1	1	1	1	
\	59	1	1	0	0	1	1	1	1	1	1	1	0	1	0	
./	60	1	1	1	1	1	1	1	1	0	0	1	1	0	0	

\	10678	1	1	0	0	1	1	1	1	1	1	1	0	1	0	Grey Brick Stained Glass
\	10679	1	1	0	0	1	1	1	1	1	1	1	0	1	0	
\	10680	1	1	0	0	1	1	1	1	1	1	1	0	1	0	
\	10681	1	1	0	0	1	1	1	1	1	1	1	0	1	0	
\	10682	1	1	0	0	1	1	1	1	1	1	1	0	1	0	
./	10683	1	1	1	1	1	1	1	1	0	0	1	1	0	0	
./	10684	1	1	1	1	1	1	1	1	0	0	1	1	0	0	
./	10685	1	1	1	1	1	1	1	1	0	0	1	1	0	0	
./	10686	1	1	1	1	1	1	1	1	0	0	1	1	0	0	
./	10687	1	1	1	1	1	1	1	1	0	0	1	1	0	0	

\	62	1	1	0	0	0	1	0	1	0	1	0	0	1	0	Grey Brick Half
v	61	1	1	0	1	0	1	0	1	0	1	0	0	0	0	
./	63	1	1	0	1	0	1	0	1	0	0	0	1	0	0	
o	64	1	1	0	0	0	1	0	1	0	0	0	1	1	1	

\	66	1	1	0	0	0	1	0	1	0	1	0	0	1	0	Grey Brick Quarter
v	65	1	1	0	1	0	1	0	1	0	1	0	0	0	0	
./	67	1	1	0	1	0	1	0	1	0	0	0	1	0	0	
o	68	1	1	0	0	0	1	0	1	0	0	0	1	1	1	

\	88	1	1	0	0	1	1	1	1	1	1	1	0	1	0	Light Brick Std
v	89	1	1	1	1	1	1	1	1	1	1	1	0	0	0	
./	87	1	1	1	1	1	1	1	1	0	0	1	1	0	0	
o	90	1	1	0	0	1	1	1	1	0	0	1	1	1	1	
\	92	1	1	0	0	1	1	1	1	1	1	1	0	1	0	
\	94	1	1	0	0	1	1	1	1	1	1	1	0	1	0	
./	93	1	1	1	1	1	1	1	1	0	0	1	1	0	0	
./	91	1	1	1	1	1	1	1	1	0	0	1	1	0	0	

\	10656	1	1	0	0	1	1	1	1	1	1	1	0	1	0	Light Brick Stained Glass
\	10657	1	1	0	0	1	1	1	1	1	1	1	0	1	0	
./	10658	1	1	1	1	1	1	1	1	0	0	1	1	0	0	
./	10659	1	1	1	1	1	1	1	1	0	0	1	1	0	0	

\	95	1	1	0	0	0	1	0	1	0	1	0	0	1	0	Light Brick Half
v	97	1	1	0	1	0	1	0	1	0	1	0	0	0	0	
./	96	1	1	0	1	0	1	0	1	0	0	0	1	0	0	
o	98	1	1	0	0	0	1	0	1	0	0	0	1	1	1	

\	99	1	1	0	0	0	1	0	1	0	1	0	0	1	0	Light Brick Quarter
v	101	1	1	0	1	0	1	0	1	0	1	0	0	0	0	
./	100	1	1	0	1	0	1	0	1	0	0	0	1	0	0	
o	102	1	1	0	0	0	1	0	1	0	0	0	1	1	1	

\	105	1	1	0	0	0	1	0	1	0	1	0	0	1	0	Light Brick Roof Edges
v	107	1	1	0	1	0	1	0	1	0	1	0	0	0	0	
./	106	1	1	0	1	0	1	0	1	0	0	0	1	0	0	
o	108	1	1	0	0	0	1	0	1	0	0	0	1	1	1	

\	444	1	1	0	0	1	1	1	1	1	1	1	0	1	0	Hide Walls
\	440	1	1	0	0	1	1	1	1	1	1	1	0	1	0	
v	438	1	1	1	1	1	1	1	1	1	1	1	0	0	0	
./	439	1	1	1	1	1	1	1	1	0	0	1	1	0	0	
./	445	1	1	1	1	1	1	1	1	0	0	1	1	0	0	
o	441	1	1	0	0	1	1	1	1	0	0	1	1	1	1	
\	452	1	1	0	0	1	1	1	1	1	1	1	0	1	0	
./	453	1	1	1	1	1	1	1	1	0	0	1	1	0	0	

\	446	1	1	0	0	1	1	1	1	1	1	1	0	1	0	Hide Alternates
\	450	1	1	0	0	1	1	1	1	1	1	1	0	1	0	
\	448	1	1	0	0	1	1	1	1	1	1	1	0	1	0	
./	449	1	1	1	1	1	1	1	1	0	0	1	1	0	0	
./	451	1	1	1	1	1	1	1	1	0	0	1	1	0	0	
./	447	1	1	1	1	1	1	1	1	0	0	1	1	0	0	
\	454	1	1	0	0	1	1	1	1	1	1	1	0	1	0	
./	455	1	1	1	1	1	1	1	1	0	0	1	1	0	0	

\	427	1	1	0	0	1	1	1	1	1	1	1	0	1	0	Woven Std
\	422	1	1	0	0	1	1	1	1	1	1	1	0	1	0	
\	423	1	1	0	0	1	1	1	1	1	1	1	0	1	0	
v	421	1	1	1	1	1	1	1	1	1	1	1	0	0	0	
./	426	1	1	1	1	1	1	1	1	0	0	1	1	0	0	
./	425	1	1	1	1	1	1	1	1	0	0	1	1	0	0	
./	428	1	1	1	1	1	1	1	1	0	0	1	1	0	0	
o	424	1	1	0	0	1	1	1	1	0	0	1	1	1	1	
\	429	1	1	0	0	1	1	1	1	1	1	1	0	1	0	
\	430	1	1	0	0	1	1	1	1	1	1	1	0	1	0	
./	432	1	1	1	1	1	1	1	1	0	0	1	1	0	0	
./	431	1	1	1	1	1	1	1	1	0	0	1	1	0	0	

\	8539	1	1	0	0	0	1	0	1	0	1	0	0	1	0	Woven Short
v	8540	1	1	0	1	0	1	0	1	0	1	0	0	0	0	
./	8538	1	1	0	1	0	1	0	1	0	0	0	1	0	0	

\	149	1	1	0	0	1	1	1	1	1	1	1	0	1	0	Logs Std
\	146	1	1	0	0	1	1	1	1	1	1	1	0	1	0	
\	151	1	1	0	0	1	1	1	1	1	1	1	0	1	0	
v	144	1	1	1	1	1	1	1	1	1	1	1	0	0	0	
./	150	1	1	1	1	1	1	1	1	0	0	1	1	0	0	
./	145	1	1	1	1	1	1	1	1	0	0	1	1	0	0	
./	148	1	1	1	1	1	1	1	1	0	0	1	1	0	0	
o	147	1	1	0	0	1	1	1	1	0	0	1	1	1	1	
\	152	1	1	0	0	1	1	1	1	1	1	1	0	1	0	
\	9460	1	1	0	0	1	1	1	1	1	1	1	0	1	0	
\	9461	1	1	0	0	1	1	1	1	1	1	1	0	1	0	
./	153	1	1	1	1	1	1	1	1	0	0	1	1	0	0	
./	9466	1	1	1	1	1	1	1	1	0	0	1	1	0	0	
./	9467	1	1	1	1	1	1	1	1	0	0	1	1	0	0	

\	159	1	1	0	0	0	1	0	1	0	1	0	0	1	0	Logs Half
\	156	1	1	0	0	0	1	0	1	0	1	0	0	1	0	
\	161	1	1	0	0	0	1	0	1	0	1	0	0	1	0	
v	154	1	1	0	1	0	1	0	1	0	1	0	0	0	0	
./	160	1	1	0	1	0	1	0	1	0	0	0	1	0	0	
./	155	1	1	0	1	0	1	0	1	0	0	0	1	0	0	
./	158	1	1	0	1	0	1	0	1	0	0	0	1	0	0	
o	157	1	1	0	0	0	1	0	1	0	0	0	1	1	1	

\	552	1	1	0	0	1	1	1	1	1	1	1	0	1	0	Palisades Std
v	550	1	1	1	1	1	1	1	1	1	1	1	0	0	0	
./	551	1	1	1	1	1	1	1	1	0	0	1	1	0	0	
o	553	1	1	0	0	1	1	1	1	0	0	1	1	1	1	

\	1072	1	1	0	0	1	1	1	1	1	1	1	0	1	0	Palisades Alts
\	1058	1	1	0	0	1	1	1	1	1	1	1	0	1	0	
\	546	1	1	0	0	1	1	1	1	1	1	1	0	1	0	
v	547	1	1	1	1	1	1	1	1	1	1	1	0	0	0	
./	1057	1	1	1	1	1	1	1	1	0	0	1	1	0	0	
./	545	1	1	1	1	1	1	1	1	0	0	1	1	0	0	

\	1059	1	1	0	0	0	1	0	1	0	1	0	0	1	0	Palisades Roof Edges
v	1061	1	1	0	1	0	1	0	1	0	1	0	0	0	0	
./	1060	1	1	0	1	0	1	0	1	0	0	0	1	0	0	

\	249	1	1	0	0	1	1	1	1	1	1	1	0	1	0	Tan Marble Fancy Std
v	248	1	1	1	1	1	1	1	1	1	1	1	0	0	0	
./	250	1	1	1	1	1	1	1	1	0	0	1	1	0	0	
o	251	1	1	0	0	1	1	1	1	0	0	1	1	1	1	
\	252	1	1	0	0	1	1	1	1	1	1	1	0	1	0	
\	9484	1	1	0	0	1	1	1	1	1	1	1	0	1	0	
\	9485	1	1	0	0	1	1	1	1	1	1	1	0	1	0	
./	253	1	1	1	1	1	1	1	1	0	0	1	1	0	0	
./	9490	1	1	1	1	1	1	1	1	0	0	1	1	0	0	
./	9491	1	1	1	1	1	1	1	1	0	0	1	1	0	0	

\	255	1	1	0	0	1	1	1	1	1	1	1	0	1	0	Tan Marble Medium Std
v	254	1	1	1	1	1	1	1	1	1	1	1	0	0	0	
./	256	1	1	1	1	1	1	1	1	0	0	1	1	0	0	
o	257	1	1	0	0	1	1	1	1	0	0	1	1	1	1	
\	258	1	1	0	0	1	1	1	1	1	1	1	0	1	0	
\	9496	1	1	0	0	1	1	1	1	1	1	1	0	1	0	
\	9497	1	1	0	0	1	1	1	1	1	1	1	0	1	0	
./	259	1	1	1	1	1	1	1	1	0	0	1	1	0	0	
./	9502	1	1	1	1	1	1	1	1	0	0	1	1	0	0	
./	9503	1	1	1	1	1	1	1	1	0	0	1	1	0	0	

\	261	1	1	0	0	1	1	1	1	1	1	1	0	1	0	Tan Marble Plain Std
v	260	1	1	1	1	1	1	1	1	1	1	1	0	0	0	
./	262	1	1	1	1	1	1	1	1	0	0	1	1	0	0	
o	263	1	1	0	0	1	1	1	1	0	0	1	1	1	1	
\	264	1	1	0	0	1	1	1	1	1	1	1	0	1	0	
\	9508	1	1	0	0	1	1	1	1	1	1	1	0	1	0	
\	9509	1	1	0	0	1	1	1	1	1	1	1	0	1	0	
./	265	1	1	1	1	1	1	1	1	0	0	1	1	0	0	
./	9514	1	1	1	1	1	1	1	1	0	0	1	1	0	0	
./	9515	1	1	1	1	1	1	1	1	0	0	1	1	0	0	

\	267	1	1	0	0	0	1	0	1	0	1	0	0	1	0	Tan Marble Half Walls
v	266	1	1	0	1	0	1	0	1	0	1	0	0	0	0	
./	268	1	1	0	1	0	1	0	1	0	0	0	1	0	0	
o	269	1	1	0	0	0	1	0	1	0	0	0	1	1	1	

\	271	1	1	0	0	0	1	0	1	0	1	0	0	1	0	Tan Marble Fancy Roof Edges
v	270	1	1	0	1	0	1	0	1	0	1	0	0	0	0	
./	272	1	1	0	1	0	1	0	1	0	0	0	1	0	0	
o	273	1	1	0	0	0	1	0	1	0	0	0	1	1	1	

\	1091	1	1	0	0	0	1	0	1	0	1	0	0	1	0	Tan Marble Medium Roof Edges
v	1090	1	1	0	1	0	1	0	1	0	1	0	0	0	0	
./	1092	1	1	0	1	0	1	0	1	0	0	0	1	0	0	
o	1093	1	1	0	0	0	1	0	1	0	0	0	1	1	1	

\	280	1	1	0	0	0	1	0	1	0	1	0	0	1	0	Tan Marble Plain Roof Edges
v	279	1	1	0	1	0	1	0	1	0	1	0	0	0	0	
./	281	1	1	0	1	0	1	0	1	0	0	0	1	0	0	
o	282	1	1	0	0	0	1	0	1	0	0	0	1	1	1	

\	670	1	1	0	0	1	1	1	1	1	1	1	0	1	0	White Marble Fancy Std
v	669	1	1	1	1	1	1	1	1	1	1	1	0	0	0	
./	671	1	1	1	1	1	1	1	1	0	0	1	1	0	0	
o	672	1	1	0	0	1	1	1	1	0	0	1	1	1	1	
\	686	1	1	0	0	1	1	1	1	1	1	1	0	1	0	
./	685	1	1	1	1	1	1	1	1	0	0	1	1	0	0	

\	664	1	1	0	0	1	1	1	1	1	1	1	0	1	0	White Marble Medium Std
v	663	1	1	1	1	1	1	1	1	1	1	1	0	0	0	
./	665	1	1	1	1	1	1	1	1	0	0	1	1	0	0	
o	666	1	1	0	0	1	1	1	1	0	0	1	1	1	1	
\	667	1	1	0	0	1	1	1	1	1	1	1	0	1	0	
./	668	1	1	1	1	1	1	1	1	0	0	1	1	0	0	

\	658	1	1	0	0	1	1	1	1	1	1	1	0	1	0	White Marble Plain Std
v	657	1	1	1	1	1	1	1	1	1	1	1	0	0	0	
./	659	1	1	1	1	1	1	1	1	0	0	1	1	0	0	
o	660	1	1	0	0	1	1	1	1	0	0	1	1	1	1	
\	661	1	1	0	0	1	1	1	1	1	1	1	0	1	0	
\	9532	1	1	0	0	1	1	1	1	1	1	1	0	1	0	
\	9533	1	1	0	0	1	1	1	1	1	1	1	0	1	0	
./	662	1	1	1	1	1	1	1	1	0	0	1	1	0	0	
./	9940	1	1	1	1	1	1	1	1	0	0	1	1	0	0	
./	9941	1	1	1	1	1	1	1	1	0	0	1	1	0	0	

\	674	1	1	0	0	0	1	0	1	0	1	0	0	1	0	White Marble Half Walls
v	673	1	1	0	1	0	1	0	1	0	1	0	0	0	0	
./	675	1	1	0	1	0	1	0	1	0	0	0	1	0	0	
o	676	1	1	0	0	0	1	0	1	0	0	0	1	1	1	

\	698	1	1	0	0	0	1	0	1	0	1	0	0	1	0	White Marble Fancy Roof Edges
v	697	1	1	0	1	0	1	0	1	0	1	0	0	0	0	
./	699	1	1	0	1	0	1	0	1	0	0	0	1	0	0	
o	700	1	1	0	0	0	1	0	1	0	0	0	1	1	1	

\	1105	1	1	0	0	0	1	0	1	0	1	0	0	1	0	White Marble Medium Roof Edges
v	1104	1	1	0	1	0	1	0	1	0	1	0	0	0	0	
./	1106	1	1	0	1	0	1	0	1	0	0	0	1	0	0	
o	1107	1	1	0	0	0	1	0	1	0	0	0	1	1	1	

\	694	1	1	0	0	0	1	0	1	0	1	0	0	1	0	White Marble Plain Roof Edges
v	693	1	1	0	1	0	1	0	1	0	1	0	0	0	0	
./	695	1	1	0	1	0	1	0	1	0	0	0	1	0	0	
o	696	1	1	0	0	0	1	0	1	0	0	0	1	1	1	

./	289	1	1	1	1	1	1	1	1	0	0	1	1	0	0	
./	290	1	1	1	1	1	1	1	1	0	0	1	1	0	0	
\	291	1	1	0	0	1	1	1	1	1	1	1	0	1	0	
\	292	1	1	0	0	1	1	1	1	1	1	1	0	1	0	

\	345	1	1	0	0	1	1	1	1	1	1	1	0	1	0	Sandstone Brick Fancy
v	344	1	1	1	1	1	1	1	1	1	1	1	0	0	0	
./	346	1	1	1	1	1	1	1	1	0	0	1	1	0	0	
o	347	1	1	0	0	1	1	1	1	0	0	1	1	1	1	
\	348	1	1	0	0	1	1	1	1	1	1	1	0	1	0	
./	349	1	1	1	1	1	1	1	1	0	0	1	1	0	0	

\	352	1	1	0	0	1	1	1	1	1	1	1	0	1	0	Sandstone Brick Plain
v	350	1	1	1	1	1	1	1	1	1	1	1	0	0	0	
./	351	1	1	1	1	1	1	1	1	0	0	1	1	0	0	
o	353	1	1	0	0	1	1	1	1	0	0	1	1	1	1	
\	355	1	1	0	0	1	1	1	1	1	1	1	0	1	0	
./	354	1	1	1	1	1	1	1	1	0	0	1	1	0	0	

\	357	1	1	0	0	0	1	0	1	0	1	0	0	1	0	Sandstone Fancy Brick Half Wall
v	356	1	1	0	1	0	1	0	1	0	1	0	0	0	0	
./	358	1	1	0	1	0	1	0	1	0	0	0	1	0	0	
o	359	1	1	0	0	0	1	0	1	0	0	0	1	1	1	

\	362	1	1	0	0	0	1	0	1	0	1	0	0	1	0	Sandstone Plain Brick Half Wall
v	360	1	1	0	1	0	1	0	1	0	1	0	0	0	0	
./	361	1	1	0	1	0	1	0	1	0	0	0	1	0	0	
o	363	1	1	0	0	0	1	0	1	0	0	0	1	1	1	

\	517	1	1	0	0	1	1	1	1	1	1	1	0	1	0	Sandstone and Plaster
\	515	1	1	0	0	1	1	1	1	1	1	1	0	1	0	
\	512	1	1	0	0	1	1	1	1	1	1	1	0	1	0	
v	511	1	1	1	1	1	1	1	1	1	1	1	0	0	0	
./	513	1	1	1	1	1	1	1	1	0	0	1	1	0	0	
./	516	1	1	1	1	1	1	1	1	0	0	1	1	0	0	
./	518	1	1	1	1	1	1	1	1	0	0	1	1	0	0	
o	514	1	1	0	0	1	1	1	1	0	0	1	1	1	1	
\	519	1	1	0	0	1	1	1	1	1	1	1	0	1	0	
\	9519	1	1	0	0	1	1	1	1	1	1	1	0	1	0	
\	9520	1	1	0	0	1	1	1	1	1	1	1	0	1	0	
\	521	1	1	0	0	1	1	1	1	1	1	1	0	1	0	
./	520	1	1	1	1	1	1	1	1	0	0	1	1	0	0	
./	522	1	1	1	1	1	1	1	1	0	0	1	1	0	0	
./	9526	1	1	1	1	1	1	1	1	0	0	1	1	0	0	
./	9527	1	1	1	1	1	1	1	1	0	0	1	1	0	0	

\	598	1	1	0	0	1	1	1	1	1	1	1	0	1	0	Flat Stone Medium
v	597	1	1	1	1	1	1	1	1	1	1	1	0	0	0	
./	599	1	1	1	1	1	1	1	1	0	0	1	1	0	0	
o	601	1	1	0	0	1	1	1	1	0	0	1	1	1	1	

\	592	1	1	0	0	1	1	1	1	1	1	1	0	1	0	Flat Stone Plain
v	591	1	1	1	1	1	1	1	1	1	1	1	0	0	0	
./	593	1	1	1	1	1	1	1	1	0	0	1	1	0	0	
o	600	1	1	0	0	1	1	1	1	0	0	1	1	1	1	

\	595	1	1	0	0	1	1	1	1	1	1	1	0	1	0	Flat Stone Open
v	594	1	1	1	1	1	1	1	1	1	1	1	0	0	0	
./	596	1	1	1	1	1	1	1	1	0	0	1	1	0	0	
o	602	1	1	0	0	1	1	1	1	0	0	1	1	1	1	

\	589	1	1	0	0	1	1	1	1	1	1	1	0	1	0	Flat Stone Fancy
v	588	1	1	1	1	1	1	1	1	1	1	1	0	0	0	
./	590	1	1	1	1	1	1	1	1	0	0	1	1	0	0	
o	603	1	1	0	0	1	1	1	1	0	0	1	1	1	1	

\	968	1	1	0	0	1	1	1	1	1	1	1	0	1	0	Sandstone and Mortar
v	967	1	1	1	1	1	1	1	1	1	1	1	0	0	0	
./	969	1	1	1	1	1	1	1	1	0	0	1	1	0	0	
o	970	1	1	0	0	1	1	1	1	0	0	1	1	1	1	
\	990	1	1	0	0	1	1	1	1	1	1	1	0	1	0	
./	991	1	1	1	1	1	1	1	1	0	0	1	1	0	0	

\	972	1	1	0	0	1	1	1	1	1	1	1	0	1	0	Sandstone and Mortar
v	971	1	1	1	1	1	1	1	1	1	1	1	0	0	0	
./	973	1	1	1	1	1	1	1	1	0	0	1	1	0	0	
o	974	1	1	0	0	1	1	1	1	0	0	1	1	1	1	

\	983	1	1	0	0	1	1	1	1	1	1	1	0	1	0	Sandstone and Mortar
\	980	1	1	0	0	1	1	1	1	1	1	1	0	1	0	
\	993	1	1	0	0	1	1	1	1	1	1	1	0	1	0	
v	979	1	1	1	1	1	1	1	1	1	1	1	0	0	0	
./	994	1	1	1	1	1	1	1	1	0	0	1	1	0	0	
./	981	1	1	1	1	1	1	1	1	0	0	1	1	0	0	
./	984	1	1	1	1	1	1	1	1	0	0	1	1	0	0	
o	982	1	1	0	0	1	1	1	1	0	0	1	1	1	1	

v	992	1	1	1	1	1	1	1	1	1	1	1	0	0	0	

\	960	1	1	0	0	0	1	0	1	0	1	0	0	1	0	Sandstone and Mortar Half Wall
v	958	1	1	0	1	0	1	0	1	0	1	0	0	0	0	
./	961	1	1	0	1	0	1	0	1	0	0	0	1	0	0	
o	962	1	1	0	0	0	1	0	1	0	0	0	1	1	1	

\	976	1	1	0	0	0	1	0	1	0	1	0	0	1	0	Sandstone and Mortar Brick Half Wall
v	975	1	1	0	1	0	1	0	1	0	1	0	0	0	0	
./	977	1	1	0	1	0	1	0	1	0	0	0	1	0	0	
o	978	1	1	0	0	0	1	0	1	0	0	0	1	1	1	

\	312	1	1	0	0	1	1	1	1	1	1	1	0	1	0	Wood and Plaster Plain
\	310	1	1	0	0	1	1	1	1	1	1	1	0	1	0	
\	307	1	1	0	0	1	1	1	1	1	1	1	0	1	0	
v	309	1	1	1	1	1	1	1	1	1	1	1	0	0	0	
./	308	1	1	1	1	1	1	1	1	0	0	1	1	0	0	
./	311	1	1	1	1	1	1	1	1	0	0	1	1	0	0	
./	313	1	1	1	1	1	1	1	1	0	0	1	1	0	0	
o	298	1	1	0	0	1	1	1	1	0	0	1	1	1	1	
\	314	1	1	0	0	1	1	1	1	1	1	1	0	1	0	
./	315	1	1	1	1	1	1	1	1	0	0	1	1	0	0	

\	310	1	1	0	0	1	1	1	1	1	1	1	0	1	0	
v	306	1	1	1	1	1	1	1	1	1	1	1	0	0	0	

\	302	1	1	0	0	1	1	1	1	1	1	1	0	1	0	Wood and Plaster Diagonal Beams 1
\	296	1	1	0	0	1	1	1	1	1	1	1	0	1	0	
v	295	1	1	1	1	1	1	1	1	1	1	1	0	0	0	
./	297	1	1	1	1	1	1	1	1	0	0	1	1	0	0	
./	311	1	1	1	1	1	1	1	1	0	0	1	1	0	0	
./	303	1	1	1	1	1	1	1	1	0	0	1	1	0	0	

\	304	1	1	0	0	1	1	1	1	1	1	1	0	1	0	Wood and Plaster Diagonal Beams 2
\	310	1	1	0	0	1	1	1	1	1	1	1	0	1	0	
\	300	1	1	0	0	1	1	1	1	1	1	1	0	1	0	
v	299	1	1	1	1	1	1	1	1	1	1	1	0	0	0	
./	301	1	1	1	1	1	1	1	1	0	0	1	1	0	0	
./	311	1	1	1	1	1	1	1	1	0	0	1	1	0	0	
./	305	1	1	1	1	1	1	1	1	0	0	1	1	0	0	

\	336	1	1	0	0	1	1	1	1	1	1	1	0	1	0	Wood and Plaster Fancy
v	332	1	1	1	1	1	1	1	1	1	1	1	0	0	0	
./	334	1	1	1	1	1	1	1	1	0	0	1	1	0	0	
\	342	1	1	0	0	1	1	1	1	1	1	1	0	1	0	
./	343	1	1	1	1	1	1	1	1	0	0	1	1	0	0	

\	338	1	1	0	0	1	1	1	1	1	1	1	0	1	0	Wood and Plaster Medium
v	335	1	1	1	1	1	1	1	1	1	1	1	0	0	0	
./	339	1	1	1	1	1	1	1	1	0	0	1	1	0	0	
\	340	1	1	0	0	1	1	1	1	1	1	1	0	1	0	
./	341	1	1	1	1	1	1	1	1	0	0	1	1	0	0	

\	910	1	1	0	0	1	1	1	1	1	1	1	0	1	0	Damaged Plaster Plain
v	909	1	1	1	1	1	1	1	1	1	1	1	0	0	0	
./	911	1	1	1	1	1	1	1	1	0	0	1	1	0	0	
o	898	1	1	0	0	1	1	1	1	0	0	1	1	1	1	

\	912	1	1	0	0	1	1	1	1	1	1	1	0	1	0	Damaged Plaster Damaged
\	915	1	1	0	0	1	1	1	1	1	1	1	0	1	0	
\	907	1	1	0	0	1	1	1	1	1	1	1	0	1	0	
v	914	1	1	1	1	1	1	1	1	1	1	1	0	0	0	
./	908	1	1	1	1	1	1	1	1	0	0	1	1	0	0	
./	916	1	1	1	1	1	1	1	1	0	0	1	1	0	0	
./	913	1	1	1	1	1	1	1	1	0	0	1	1	0	0	

v	906	1	1	1	1	1	1	1	1	1	1	1	0	0	0	

\	902	1	1	0	0	1	1	1	1	1	1	1	0	1	0	Damaged Plaster Damaged Diagonals 1
\	915	1	1	0	0	1	1	1	1	1	1	1	0	1	0	
\	896	1	1	0	0	1	1	1	1	1	1	1	0	1	0	
v	895	1	1	1	1	1	1	1	1	1	1	1	0	0	0	
./	897	1	1	1	1	1	1	1	1	0	0	1	1	0	0	
./	916	1	1	1	1	1	1	1	1	0	0	1	1	0	0	
./	903	1	1	1	1	1	1	1	1	0	0	1	1	0	0	

\	904	1	1	0	0	1	1	1	1	1	1	1	0	1	0	Damaged Plaster Damaged Diagonals 2
\	915	1	1	0	0	1	1	1	1	1	1	1	0	1	0	
\	900	1	1	0	0	1	1	1	1	1	1	1	0	1	0	
v	899	1	1	1	1	1	1	1	1	1	1	1	0	0	0	
./	901	1	1	1	1	1	1	1	1	0	0	1	1	0	0	
./	916	1	1	1	1	1	1	1	1	0	0	1	1	0	0	
./	905	1	1	1	1	1	1	1	1	0	0	1	1	0	0	

\	9351	1	1	0	0	1	1	1	1	1	1	1	0	1	0	Lacquered Panels Standard Walls
v	9349	1	1	1	1	1	1	1	1	1	1	1	0	0	0	
./	9350	1	1	1	1	1	1	1	1	0	0	1	1	0	0	
o	9354	1	1	0	0	1	1	1	1	0	0	1	1	1	1	

\	9348	1	1	0	0	1	1	1	1	1	1	0	0	1	0	Lacquered Panels Half Walls
v	9346	1	1	1	1	1	1	1	1	1	1	0	0	0	0	
./	9347	1	1	1	1	1	1	1	1	0	0	0	1	0	0	
o	9353	1	1	0	0	1	1	1	1	0	0	0	1	1	1	

\	9345	1	1	0	0	1	1	1	1	1	1	0	0	1	0	Lacquered Panels Quarter Walls
v	9343	1	1	1	1	1	1	1	1	1	1	0	0	0	0	
./	9344	1	1	1	1	1	1	1	1	0	0	0	1	0	0	
o	9352	1	1	0	0	1	1	1	1	0	0	0	1	1	1	

\	9367	1	1	0	0	1	1	1	1	1	1	1	0	1	0	Cherrywood Standard Walls
v	9365	1	1	1	1	1	1	1	1	1	1	1	0	0	0	
./	9366	1	1	1	1	1	1	1	1	0	0	1	1	0	0	
o	9368	1	1	0	0	1	1	1	1	0	0	1	1	1	1	

\	9363	1	1	0	0	1	1	1	1	1	1	0	0	1	0	Cherrywood Half Walls
v	9361	1	1	1	1	1	1	1	1	1	1	0	0	0	0	
./	9362	1	1	1	1	1	1	1	1	0	0	0	1	0	0	
o	9364	1	1	0	0	1	1	1	1	0	0	0	1	1	1	

\	9359	1	1	0	0	1	1	1	1	1	1	0	0	1	0	Cherrywood Quarter Walls
v	9357	1	1	1	1	1	1	1	1	1	1	0	0	0	0	
./	9358	1	1	1	1	1	1	1	1	0	0	0	1	0	0	
o	9360	1	1	0	0	1	1	1	1	0	0	0	1	1	1	

\	9384	1	1	0	0	1	1	1	1	1	1	1	0	1	0	Plaster Standard Walls
\	9378	1	1	0	0	1	1	1	1	1	1	1	0	1	0	
\	9373	1	1	0	0	1	1	1	1	1	1	1	0	1	0	
./	9374	1	1	1	1	1	1	1	1	0	0	1	1	0	0	
./	9377	1	1	1	1	1	1	1	1	0	0	1	1	0	0	
./	9383	1	1	1	1	1	1	1	1	0	0	1	1	0	0	
v	10800	1	1	1	1	1	1	1	1	1	1	1	0	0	0	
v	10803	1	1	1	1	1	1	1	1	1	1	1	0	0	0	
o	10806	1	1	0	0	1	1	1	1	0	0	1	1	1	1	
o	10809	1	1	0	0	1	1	1	1	0	0	1	1	1	1	

\	9380	1	1	0	0	1	1	1	1	1	1	0	0	1	0	Plaster Half Walls
\	9371	1	1	0	0	1	1	1	1	1	1	0	0	1	0	
\	9386	1	1	0	0	1	1	1	1	1	1	0	0	1	0	
./	9372	1	1	1	1	1	1	1	1	0	0	0	1	0	0	
./	9379	1	1	1	1	1	1	1	1	0	0	0	1	0	0	
./	9385	1	1	1	1	1	1	1	1	0	0	0	1	0	0	
v	10801	1	1	1	1	1	1	1	1	1	1	0	0	0	0	
v	10804	1	1	1	1	1	1	1	1	1	1	0	0	0	0	
o	10807	1	1	0	0	1	1	1	1	0	0	0	1	1	1	
o	10810	1	1	0	0	1	1	1	1	0	0	0	1	1	1	

\	9382	1	1	0	0	1	1	1	1	1	1	0	0	1	0	Plaster Quarter Walls
\	9376	1	1	0	0	1	1	1	1	1	1	0	0	1	0	
./	9375	1	1	1	1	1	1	1	1	0	0	0	1	0	0	
./	9381	1	1	1	1	1	1	1	1	0	0	0	1	0	0	
v	10802	1	1	1	1	1	1	1	1	1	1	0	0	0	0	
o	10808	1	1	0	0	1	1	1	1	0	0	0	1	1	1	

\	10015	1	1	0	0	0	1	0	1	0	1	1	0	1	0	Paper Standard Walls
v	10005	1	1	0	1	0	1	0	1	0	1	1	0	0	0	
./	10012	1	1	0	1	0	1	0	1	0	0	1	1	0	0	

\	10014	1	1	0	0	0	1	0	1	0	1	0	0	1	0	Paper Half Walls
v	10004	1	1	0	1	0	1	0	1	0	1	0	0	0	0	
./	10011	1	1	0	1	0	1	0	1	0	0	0	1	0	0	

\	10013	1	1	0	0	0	1	0	1	0	1	0	0	1	0	Paper Quarter Walls
v	10003	1	1	0	1	0	1	0	1	0	1	0	0	0	0	
./	10010	1	1	0	1	0	1	0	1	0	0	0	1	0	0	

\	10082	1	1	0	0	1	1	1	1	1	1	1	0	1	0	Lattice Standard Walls
v	10069	1	1	1	1	1	1	1	1	1	1	1	0	0	0	
./	10079	1	1	1	1	1	1	1	1	0	0	1	1	0	0	
o	10076	1	1	0	0	1	1	1	1	0	0	1	1	1	1	

\	10081	1	1	0	0	1	1	1	1	1	1	0	0	1	0	Lattice Half Walls
v	10068	1	1	1	1	1	1	1	1	1	1	0	0	0	0	
./	10078	1	1	1	1	1	1	1	1	0	0	0	1	0	0	
o	10075	1	1	0	0	1	1	1	1	0	0	0	1	1	1	

\	10080	1	1	0	0	1	1	1	1	1	1	0	0	1	0	Lattice Quarter Walls
v	10067	1	1	1	1	1	1	1	1	1	1	0	0	0	0	
./	10077	1	1	1	1	1	1	1	1	0	0	0	1	0	0	
o	10074	1	1	0	0	1	1	1	1	0	0	0	1	1	1	

\	10650	1	1	0	0	1	1	1	1	1	1	1	0	1	0	Wood Panel Standard Walls
v	10653	1	1	1	1	1	1	1	1	1	1	1	0	0	0	
./	10647	1	1	1	1	1	1	1	1	0	0	1	1	0	0	
o	10644	1	1	0	0	1	1	1	1	0	0	1	1	1	1	

\	10649	1	1	0	0	1	1	1	1	1	1	0	0	1	0	Wood Panel Half Walls
v	10652	1	1	1	1	1	1	1	1	1	1	0	0	0	0	
./	10646	1	1	1	1	1	1	1	1	0	0	0	1	0	0	
o	10643	1	1	0	0	1	1	1	1	0	0	0	1	1	1	

\	10648	1	1	0	0	1	1	1	1	1	1	0	0	1	0	Wood Panel Quarter Walls
v	10651	1	1	1	1	1	1	1	1	1	1	0	0	0	0	
./	10645	1	1	1	1	1	1	1	1	0	0	0	1	0	0	
o	10642	1	1	0	0	1	1	1	1	0	0	0	1	1	1	

\	10560	1	1	0	0	1	1	1	1	1	1	1	0	1	0	Clay Standard Walls
v	10554	1	1	1	1	1	1	1	1	1	1	1	0	0	0	
./	10557	1	1	1	1	1	1	1	1	0	0	1	1	0	0	
o	10563	1	1	0	0	1	1	1	1	0	0	1	1	1	1	

\	10559	1	1	0	0	1	1	1	1	1	1	0	0	1	0	Clay Half Walls
v	10553	1	1	1	1	1	1	1	1	1	1	0	0	0	0	
./	10556	1	1	1	1	1	1	1	1	0	0	0	1	0	0	
o	10562	1	1	0	0	1	1	1	1	0	0	0	1	1	1	

\	10558	1	1	0	0	1	1	1	1	1	1	0	0	1	0	Clay Quarter Walls
v	10552	1	1	1	1	1	1	1	1	1	1	0	0	0	0	
./	10555	1	1	1	1	1	1	1	1	0	0	0	1	0	0	
o	10561	1	1	0	0	1	1	1	1	0	0	0	1	1	1	

\	10575	1	1	0	0	1	1	1	1	1	1	1	0	1	0	Weathered Clay Standard Walls
v	10566	1	1	1	1	1	1	1	1	1	1	1	0	0	0	
./	10569	1	1	1	1	1	1	1	1	0	0	1	1	0	0	
o	10572	1	1	0	0	1	1	1	1	0	0	1	1	1	1	

\	10574	1	1	0	0	1	1	1	1	1	1	0	0	1	0	Weathered Clay Half Walls
v	10565	1	1	1	1	1	1	1	1	1	1	0	0	0	0	
./	10568	1	1	1	1	1	1	1	1	0	0	0	1	0	0	
o	10571	1	1	0	0	1	1	1	1	0	0	0	1	1	1	

\	10573	1	1	0	0	1	1	1	1	1	1	0	0	1	0	Weathered Clay Quarter Walls
v	10564	1	1	1	1	1	1	1	1	1	1	0	0	0	0	
./	10567	1	1	1	1	1	1	1	1	0	0	0	1	0	0	
o	10570	1	1	0	0	1	1	1	1	0	0	0	1	1	1	

\	10581	1	1	0	0	1	1	1	1	1	1	1	0	1	0	Limestone Standard Walls
v	10584	1	1	1	1	1	1	1	1	1	1	1	0	0	0	
./	10578	1	1	1	1	1	1	1	1	0	0	1	1	0	0	
o	10587	1	1	0	0	1	1	1	1	0	0	1	1	1	1	

\	10580	1	1	0	0	1	1	1	1	1	1	0	0	1	0	Limestone Half Walls
v	10583	1	1	1	1	1	1	1	1	1	1	0	0	0	0	
./	10577	1	1	1	1	1	1	1	1	0	0	0	1	0	0	
o	10586	1	1	0	0	1	1	1	1	0	0	0	1	1	1	

\	10579	1	1	0	0	1	1	1	1	1	1	0	0	1	0	Limestone Quarter Walls
v	10582	1	1	1	1	1	1	1	1	1	1	0	0	0	0	
./	10576	1	1	1	1	1	1	1	1	0	0	0	1	0	0	
o	10585	1	1	0	0	1	1	1	1	0	0	0	1	1	1	

v	10728	1	1	1	1	1	1	1	1	1	1	1	0	0	0	Dark Plaster Standard Walls
\	10729	1	1	0	0	1	1	1	1	1	1	1	0	1	0	
./	10730	1	1	1	1	1	1	1	1	0	0	1	1	0	0	
o	10731	1	1	0	0	1	1	1	1	0	0	1	1	1	1
v	10732	1	1	1	1	1	1	1	1	1	1	1	0	0	0
\	10733	1	1	0	0	1	1	1	1	1	1	1	0	1	0
./	10734	1	1	1	1	1	1	1	1	0	0	1	1	0	0
\	10735	1	1	0	0	1	1	1	1	1	1	1	0	1	0
./	10736	1	1	1	1	1	1	1	1	0	0	1	1	0	0
\	10737	1	1	0	0	1	1	1	1	1	1	1	0	1	0
./	10738	1	1	1	1	1	1	1	1	0	0	1	1	0	0
v	10739	1	1	1	1	1	1	1	1	1	1	1	0	0	0
\	10740	1	1	0	0	1	1	1	1	1	1	1	0	1	0
./	10741	1	1	1	1	1	1	1	1	0	0	1	1	0	0
v	10742	1	1	1	1	1	1	1	1	1	1	1	0	0	0
\	10743	1	1	0	0	1	1	1	1	1	1	1	0	1	0
./	10744	1	1	1	1	1	1	1	1	0	0	1	1	0	0
\	10745	1	1	0	0	1	1	1	1	1	1	1	0	1	0
./	10746	1	1	1	1	1	1	1	1	0	0	1	1	0	0
\	10747	1	1	0	0	1	1	1	1	1	1	1	0	1	0	
./	10748	1	1	1	1	1	1	1	1	0	0	1	1	0	0	

MISC TABLE STARTS HERE?.																
\	44	1	0	0	0	1	0	1	0	1	0	1	0	1	0	Weathered Stone Arches
\	41	1	1	0	0	1	1	1	1	1	1	1	0	1	0	
v	40	1	1	1	1	1	1	1	1	1	1	1	0	0	0	
./	42	1	1	1	1	1	1	1	1	0	0	1	1	0	0	
./	43	1	0	1	0	1	0	1	0	0	0	1	1	0	0	

\	470	1	0	0	0	1	0	1	0	1	0	1	0	1	0	Weathered Stone Arches 2
\	471	1	1	0	0	1	1	1	1	1	1	1	0	1	0	
v	469	1	1	1	1	1	1	1	1	1	1	1	0	0	0	
./	473	1	1	1	1	1	1	1	1	0	0	1	1	0	0	
./	472	1	0	1	0	1	0	1	0	0	0	1	1	0	0	

\	476	1	0	0	0	1	0	1	0	1	0	1	0	1	0	Weathered Stone Arch Tops
\	477	1	1	0	0	1	1	1	1	1	1	1	0	1	0	
v	475	1	1	1	1	1	1	1	1	1	1	1	0	0	0	
./	479	1	1	1	1	1	1	1	1	0	0	1	1	0	0	
./	478	1	0	1	0	1	0	1	0	0	0	1	1	0	0	

\	480	0	1	0	0	0	0	0	0	0	1	0	0	1	0	
\	481	0	1	0	1	0	0	0	0	0	0	0	1	0	0	Weathered Stone Misc
v	482	0	1	0	0	0	1	0	0	0	0	0	0	1	0	
./	483	0	1	0	0	0	0	0	0	0	1	0	0	1	0	
./	484	0	1	0	0	0	0	0	1	0	0	0	1	0	0	
./	485	0	1	0	1	0	0	0	0	0	0	0	1	0	0	Weathered Stone Round Walls

.	474	0	1	0	0	0	1	0	1	0	0	0	1	1	1	
.	486	0	1	1	1	0	0	0	0	0	0	0	1	0	0	
.	487	0	1	0	0	0	0	0	0	1	1	0	0	1	0	

.	16134	1	1	0	0	0	0	0	0	0	0	1	0	0	0
.	9541	1	1	0	0	0	0	0	0	0	0	1	0	0	0
.	9537	1	1	0	0	0	0	0	0	0	0	1	0	0	0
.	9538	1	1	0	0	0	0	0	0	0	0	1	0	0	0
.	9550	1	1	0	0	0	0	0	0	0	0	1	0	0	0
.	9551	1	1	0	0	0	0	0	0	0	0	1	0	0	0
.	9555	1	1	0	0	0	0	0	0	0	0	1	0	0	0

.	9539	1	1	0	0	0	0	0	0	0	0	1	0	0	0
.	9543	1	1	0	0	0	0	0	0	0	0	1	0	0	0
.	9554	1	1	0	0	0	0	0	0	0	0	1	0	0	0
.	9553	1	1	0	0	0	0	0	0	0	0	1	0	0	0

.	9548	1	1	0	0	0	0	0	0	0	0	1	0	0	0
.	9549	1	1	0	0	0	0	0	0	0	0	1	0	0	0
.	9544	1	1	0	0	0	0	0	0	0	0	1	0	0	0	Granite Square Arches

.	9546	1	1	0	0	0	0	0	0	0	0	1	0	0	0	
.	9535	1	1	0	0	0	0	0	0	0	0	1	0	0	0	
.	9536	1	1	0	0	0	0	0	0	0	0	1	0	0	0	

\	209	1	0	0	0	1	0	1	0	1	0	1	0	1	0	Granite Rounded Arches
\	207	1	1	0	0	1	1	1	1	1	1	1	0	1	0	
v	205	1	1	1	1	1	1	1	1	1	1	1	0	0	0	
./	206	1	1	1	1	1	1	1	1	0	0	1	1	0	0	
./	208	1	0	1	0	1	0	1	0	0	0	1	1	0	0	

\	218	1	0	0	0	1	0	1	0	1	0	1	0	1	0	Granite Misc
\	216	1	1	0	0	1	1	1	1	1	1	1	0	1	0	
v	212	1	1	1	1	1	1	1	1	1	1	1	0	0	0	
./	215	1	1	1	1	1	1	1	1	0	0	1	1	0	0	
./	217	1	0	1	0	1	0	1	0	0	0	1	1	0	0	

\	225	0	1	0	0	0	1	0	0	0	0	0	0	1	0	
\	213	0	1	0	0	0	0	0	0	0	1	0	0	1	0	Granite Misc
\	224	0	1	0	0	0	0	0	0	0	1	0	0	1	0	
./	214	0	1	0	1	0	0	0	0	0	0	0	1	0	0	
./	226	0	1	0	0	0	0	0	1	0	0	0	1	0	0	
./	227	0	1	0	1	0	0	0	0	0	0	0	1	0	0	

.	211	0	1	1	1	0	0	0	0	0	0	0	1	0	0	Grey Brick Arches
.	228	1	1	0	0	0	0	1	1	1	1	1	0	1	0	
.	219	0	1	0	0	0	1	0	1	0	0	0	1	1	1	
.	229	1	1	1	1	1	1	0	0	0	0	1	1	0	0	
.	210	0	1	0	0	0	0	0	0	1	1	0	0	1	0	

\	71	1	0	0	0	1	0	1	0	1	0	1	0	1	0	Grey Brick Roof Trim
\	72	1	1	0	0	1	1	1	1	1	1	1	0	1	0	
v	69	1	1	1	1	1	1	1	1	1	1	1	0	0	0	
./	70	1	1	1	1	1	1	1	1	0	0	1	1	0	0	
./	73	1	0	1	0	1	0	1	0	0	0	1	1	0	0	

\	83	0	1	0	0	0	1	0	1	0	1	0	0	1	0	
\	80	0	1	0	0	0	1	0	1	0	1	0	0	1	0	
\	78	0	1	0	0	0	1	0	1	0	1	0	0	1	0	Light Brick Arches
v	82	0	1	0	1	0	1	0	1	0	1	0	0	0	0	
./	79	0	1	0	1	0	1	0	1	0	0	0	1	0	0	
./	81	0	1	0	1	0	1	0	1	0	0	0	1	0	0	
./	84	0	1	0	1	0	1	0	1	0	0	0	1	0	0	

\	111	1	0	0	0	1	0	1	0	1	0	1	0	1	0	Light Brick Battlements
\	112	1	1	0	0	1	1	1	1	1	1	1	0	1	0	
v	109	1	1	1	1	1	1	1	1	1	1	1	0	0	0	
./	110	1	1	1	1	1	1	1	1	0	0	1	1	0	0	
./	113	1	0	1	0	1	0	1	0	0	0	1	1	0	0	

.	118	0	1	0	1	0	1	0	0	0	0	0	0	0	0	
.	116	0	1	1	1	0	1	0	0	0	1	0	0	0	0	Light Brick Ruins
.	115	0	1	0	1	0	0	0	0	0	1	0	0	0	0	
.	114	0	1	0	1	0	0	0	1	1	1	0	0	0	0	
.	117	0	1	0	0	0	0	0	1	0	1	0	0	0	0	
.	119	0	1	0	0	0	0	0	0	0	0	0	0	0	0	

\	631	0	1	0	0	0	1	0	0	0	1	0	0	1	0	
./	636	0	1	0	1	0	0	0	1	0	0	0	1	0	0	
./	633	0	1	0	1	0	0	0	1	0	0	0	1	0	0	
\	632	0	1	0	0	0	1	0	0	0	1	0	0	1	0	Tan Marble Fancy Arches
./	634	0	1	0	1	0	0	0	1	0	0	0	1	0	0	
\	635	0	1	0	0	0	1	0	0	0	1	0	0	1	0	
\	641	0	1	0	0	1	1	0	0	1	1	1	0	1	0	
./	642	0	1	1	1	0	0	1	1	0	0	1	1	0	0	

\	1082	1	0	0	0	1	0	1	0	1	0	1	0	1	0	Tan Marble Medium Arches
\	1081	1	1	0	0	1	1	1	1	1	1	1	0	1	0	
v	1080	1	1	1	1	1	1	1	1	1	1	1	0	0	0	
./	1083	1	1	1	1	1	1	1	1	0	0	1	1	0	0	
./	1084	1	0	1	0	1	0	1	0	0	0	1	1	0	0	

\	1087	1	0	0	0	1	0	1	0	1	0	1	0	1	0	Tan Marble Plain Arches
\	1086	1	1	0	0	1	1	1	1	1	1	1	0	1	0	
v	1085	1	1	1	1	1	1	1	1	1	1	1	0	0	0	
./	1088	1	1	1	1	1	1	1	1	0	0	1	1	0	0	
./	1089	1	0	1	0	1	0	1	0	0	0	1	1	0	0	

\	276	1	0	0	0	1	0	1	0	1	0	1	0	1	0	Tan Marble Columns
\	275	1	1	0	0	1	1	1	1	1	1	1	0	1	0	
v	274	1	1	1	1	1	1	1	1	1	1	1	0	0	0	
./	277	1	1	1	1	1	1	1	1	0	0	1	1	0	0	
./	278	1	0	1	0	1	0	1	0	0	0	1	1	0	0	

.	284	1	1	0	0	0	0	0	0	0	0	1	0	0	0	
.	283	1	1	0	0	0	0	0	0	0	0	1	0	0	0	
.	285	1	1	0	0	0	0	0	0	0	0	1	0	0	0	White Marble Fancy Arches
.	287	1	1	0	0	0	0	0	0	0	0	1	0	0	0	
.	286	1	1	0	0	0	0	0	0	0	0	1	0	0	0	
.	288	1	1	0	0	0	0	0	0	0	0	1	0	0	0	
.	7978	0	1	0	0	0	0	0	0	0	0	0	0	0	0	

\	1096	1	0	0	0	1	0	1	0	1	0	1	0	1	0	White Marble Medium Arches
\	1095	1	1	0	0	1	1	1	1	1	1	1	0	1	0	
v	1094	1	1	1	1	1	1	1	1	1	1	1	0	0	0	
./	1097	1	1	1	1	1	1	1	1	0	0	1	1	0	0	
./	1098	1	0	1	0	1	0	1	0	0	0	1	1	0	0	

\	1101	1	0	0	0	1	0	1	0	1	0	1	0	1	0	White Marble Plain Arches
\	1100	1	1	0	0	1	1	1	1	1	1	1	0	1	0	
v	1099	1	1	1	1	1	1	1	1	1	1	1	0	0	0	
./	1102	1	1	1	1	1	1	1	1	0	0	1	1	0	0	
./	1103	1	0	1	0	1	0	1	0	0	0	1	1	0	0	

\	690	1	0	0	0	1	0	1	0	1	0	1	0	1	0	White Marble Columns
\	689	1	1	0	0	1	1	1	1	1	1	1	0	1	0	
v	688	1	1	1	1	1	1	1	1	1	1	1	0	0	0	
./	691	1	1	1	1	1	1	1	1	0	0	1	1	0	0	
./	692	1	0	1	0	1	0	1	0	0	0	1	1	0	0	

.	680	1	1	0	0	0	0	0	0	0	0	1	0	0	0	
.	679	1	1	0	0	0	0	0	0	0	0	1	0	0	0	White Marble Plain Arcades
.	681	1	1	0	0	0	0	0	0	0	0	1	0	0	0	
.	683	1	1	0	0	0	0	0	0	0	0	1	0	0	0	
.	682	1	1	0	0	0	0	0	0	0	0	1	0	0	0	
.	684	1	1	0	0	0	0	0	0	0	0	1	0	0	0	
																Sandstone Arches
./	701	1	1	1	0	1	1	1	1	0	0	1	0	0	0	
./	702	1	1	1	1	0	0	1	0	0	0	1	0	0	0	
\	704	1	1	0	0	0	1	0	0	1	1	1	0	0	0	
\	703	1	1	0	0	1	1	1	1	1	0	1	0	0	0	

\	368	1	0	0	0	1	0	1	0	1	0	1	0	1	0	
\	370	1	0	0	0	1	0	0	0	1	0	1	0	1	0	
\	365	1	1	0	0	1	1	1	1	1	1	1	0	1	0	Sandstone Fancy Arcades
v	364	1	1	1	1	1	1	1	1	1	1	1	0	0	0	
./	366	1	1	1	1	1	1	1	1	0	0	1	1	0	0	
./	369	1	0	1	0	0	0	1	0	0	0	1	1	0	0	
./	367	1	0	1	0	1	0	1	0	0	0	1	1	0	0	

./	395	1	1	1	0	1	1	1	1	0	0	1	1	0	0	
./	394	1	0	1	1	0	0	1	0	0	0	1	1	0	0	Sandstone Plain Arcades
\	396	1	0	0	0	0	1	0	0	1	1	1	0	1	0	
\	397	1	1	0	0	1	1	1	1	1	0	1	0	1	0	
\	398	1	0	0	0	1	0	0	0	1	1	1	0	1	0	
./	399	1	0	1	1	0	0	0	0	1	0	1	1	0	0	
																Sandstone Battlements 1
\	403	1	0	0	0	0	1	0	0	1	1	1	0	1	0	
\	402	1	1	0	0	1	1	1	1	1	0	1	0	1	0	
./	400	1	1	1	0	1	1	1	1	0	0	1	1	0	0	
./	401	1	0	1	1	0	0	1	0	0	0	1	1	0	0	

.	373	1	1	1	1	1	1	1	1	1	1	1	0	0	0	
.	374	1	1	1	1	1	1	1	1	1	1	1	0	0	0	
.	375	1	1	1	1	1	1	1	1	1	1	1	0	0	0	
.	376	1	1	1	1	1	1	1	1	1	1	1	0	0	0	Sandstone Battlements 2
.	386	0	1	0	0	0	1	0	1	0	1	0	0	0	0	
.	387	0	1	0	1	0	0	0	0	0	1	0	0	0	0	
.	388	0	1	0	1	0	0	0	0	0	0	0	0	0	0	
.	389	0	1	0	0	0	0	0	0	0	1	0	0	0	0	

.	420	0	1	0	1	1	1	0	1	0	0	0	0	0	0	
.	380	0	1	0	1	0	1	0	0	0	0	0	0	0	0	
.	378	0	1	1	1	0	1	0	0	0	1	0	0	0	0	Sandstone Battlements 3
.	379	0	1	0	1	0	0	0	0	0	1	0	0	0	0	
.	377	0	1	0	1	0	0	0	1	1	1	0	0	0	0	
.	381	0	1	0	0	0	0	0	1	0	1	0	0	0	0	
.	371	0	1	0	0	0	1	1	1	0	1	0	0	0	0	

.	382	1	0	1	0	0	0	0	0	0	0	1	0	0	0	
.	383	1	0	0	0	0	0	0	0	1	0	1	0	0	0	
..	384	1	0	0	0	0	0	1	0	0	0	1	0	0	0	
.	385	1	0	0	0	1	0	0	0	0	0	1	0	0	0	Sandstone pillers
.	390	1	0	1	0	0	0	0	0	0	0	1	0	0	0	
.	391	1	0	0	0	0	0	0	0	1	0	1	0	0	0	
.	392	1	0	0	1	0	1	0	0	0	0	1	0	0	0	
.	393	1	0	0	1	0	1	0	0	0	0	1	0	0	0	Sandstone Ruins 1

.	405	1	1	0	0	0	0	0	0	0	0	1	0	0	0	
.	404	1	1	0	0	0	0	0	0	0	0	1	0	0	0	
.	406	1	1	0	0	0	0	0	0	0	0	1	0	0	0	

./	951	0	1	0	1	0	0	0	0	0	0	0	1	0	0	
v	952	0	1	0	1	0	1	0	1	0	1	0	0	0	0	
./	953	0	1	0	1	0	0	0	1	0	0	0	1	0	0	Sandstone Ruins 2
\	954	0	1	0	0	0	1	0	0	0	1	0	0	1	0	
.	955	0	1	0	0	0	0	0	0	0	0	0	0	0	0	
.	956	0	1	0	0	0	1	0	1	0	0	0	1	1	1	
.	957	0	1	0	0	0	0	0	0	0	1	0	1	1	0	

\	10718	1	0	0	0	1	0	1	0	1	0	1	0	1	0	Plaster Arches
\	10719	1	1	0	0	1	1	1	1	1	1	1	0	1	0	
v	10716	1	1	1	1	1	1	1	1	1	1	1	0	0	0	
v	10725	1	1	1	1	1	1	1	1	1	1	1	0	0	0	
./	10717	1	1	1	1	1	1	1	1	0	0	1	1	0	0	
./	10720	1	0	1	0	1	0	1	0	0	0	1	1	0	0	

v	959	0	1	0	1	0	1	0	1	0	1	0	0	0	0	Bamboo Round Walls
\	963	0	1	0	0	0	1	0	0	0	1	0	0	1	0	
./	964	0	1	0	1	0	0	0	1	0	0	0	1	0	0	
\	965	0	1	0	0	0	1	0	0	0	1	0	0	1	0	
./	966	0	1	0	1	0	0	0	1	0	0	0	1	0	0	

.	538	1	1	0	0	0	0	0	0	0	0	1	0	0	0	
.	536	1	1	0	0	0	0	0	0	0	0	1	0	0	0	
.	534	1	1	0	0	0	0	0	0	0	0	1	0	0	0	
.	535	1	1	0	0	0	0	0	0	0	0	1	0	0	0	Bamboo Round Walls 2
.	528	1	1	0	0	0	0	0	0	0	0	1	0	0	0	
.	530	1	1	0	0	0	0	0	0	0	0	1	0	0	0	
.	529	1	1	0	0	0	0	0	0	0	0	1	0	0	0	
.	531	1	1	0	0	0	0	0	0	0	0	1	0	0	0	

.	533	1	1	0	0	0	0	0	0	0	0	1	0	0	0	Misc Roof1
.	532	1	1	0	0	0	0	0	0	0	0	1	0	0	0	
.	528	1	1	0	0	0	0	0	0	0	0	1	0	0	0	
.	527	1	1	0	0	0	0	0	0	0	0	1	0	0	0	
.	537	1	1	0	0	0	0	0	0	0	0	1	0	0	0	

\	24	0	1	0	0	0	1	0	0	0	1	0	0	1	0	
./	25	0	1	0	1	0	0	0	0	0	0	0	1	0	0	
\	49	0	1	0	0	0	1	0	0	0	1	0	0	1	0	
./	50	0	1	0	1	0	0	0	0	0	0	0	1	0	0	Misc Roof2
\	85	0	1	0	0	0	1	0	0	0	1	0	0	1	0	
./	86	0	1	0	1	0	0	0	0	0	0	0	1	0	0	
\	120	0	1	0	0	0	1	0	0	0	1	0	0	1	0	
./	121	0	1	0	1	0	0	0	0	0	0	0	1	0	0	

\	456	0	1	0	0	0	1	0	0	0	1	0	0	1	0	
./	457	0	1	0	1	0	0	0	0	0	0	0	1	0	0	
\	162	0	1	0	0	0	1	0	0	0	1	0	0	1	0	
./	163	0	1	0	1	0	0	0	0	0	0	0	1	0	0	Misc Roof3
\	164	0	1	0	0	0	1	0	0	0	1	0	0	1	0	
./	165	0	1	0	1	0	0	0	0	0	0	0	1	0	0	
\	193	0	1	0	0	0	1	0	0	0	1	0	0	1	0	
./	194	0	1	0	1	0	0	0	0	0	0	0	1	0	0	

\	230	0	1	0	0	0	1	0	0	0	1	0	0	1	0	
./	231	0	1	0	1	0	0	0	0	0	0	0	1	0	0	
\	293	0	1	0	0	0	1	0	0	0	1	0	0	1	0	
./	294	0	1	0	1	0	0	0	0	0	0	0	1	0	0	Misc Roof4
\	330	0	1	0	0	0	1	0	0	0	1	0	0	1	0	
./	331	0	1	0	1	0	0	0	0	0	0	0	1	0	0	
\	433	0	1	0	0	0	1	0	0	0	1	0	0	1	0	
./	434	0	1	0	1	0	0	0	0	0	0	0	1	0	0	

\	435	0	1	0	0	0	1	0	0	0	1	0	0	1	0	
./	436	0	1	0	1	0	0	0	0	0	0	0	1	0	0	
\	409	0	1	0	0	0	1	0	0	0	1	0	0	1	0	
./	410	0	1	0	1	0	0	0	0	0	0	0	1	0	0	Misc Roof5
\	494	0	1	0	0	0	1	0	0	0	1	0	0	1	0	
./	495	0	1	0	1	0	0	0	0	0	0	0	1	0	0	
\	407	0	1	0	0	0	1	0	0	0	1	0	0	1	0	
./	408	0	1	0	1	0	0	0	0	0	0	0	1	0	0	

\	492	0	1	0	0	0	1	0	0	0	1	0	0	1	0	
./	493	0	1	0	1	0	0	0	0	0	0	0	1	0	0	
\	523	0	1	0	0	0	1	0	0	0	1	0	0	1	0	

./	10723	0	1	0	1	0	0	0	0	0	0	0	1	0	0	Misc Roof6
\	10722	0	1	0	0	0	1	0	0	0	1	0	0	1	0	
./	10727	0	1	0	1	0	0	0	0	0	0	0	1	0	0	
\	10726	0	1	0	0	0	1	0	0	0	1	0	0	1	0	
v	10721	0	1	0	1	0	1	0	0	0	1	0	0	0	0	
.	10724	0	1	0	1	0	1	0	0	0	1	0	1	1	0	

./	524	0	1	0	1	0	0	0	0	0	0	0	1	0	0	Castle Battlements 1
\	554	0	1	0	0	0	1	0	0	0	1	0	0	1	0	
./	555	0	1	0	1	0	0	0	0	0	0	0	1	0	0	
\	677	0	1	0	0	0	1	0	0	0	1	0	0	1	0	
./	678	0	1	0	1	0	0	0	0	0	0	0	1	0	0	

.	711	0	1	0	1	1	1	0	1	0	0	0	0	0	0	
.	715	0	1	0	1	0	1	0	0	0	0	0	0	0	0	
.	714	0	1	1	1	0	1	0	0	0	1	0	0	0	0	Castle Battlements 2
.	713	0	1	0	1	0	0	0	0	0	1	0	0	0	0	
.	716	0	1	0	1	0	0	0	1	1	1	0	0	0	0	
.	717	0	1	0	0	0	0	0	1	0	1	0	0	0	0	
.	712	0	1	0	0	0	1	1	1	0	1	0	0	0	0	

.	718	0	1	0	1	0	0	0	0	0	1	0	0	0	0	
.	724	0	1	0	1	0	1	0	1	0	0	0	0	0	0	
.	719	0	1	0	1	0	1	0	1	0	1	0	0	0	0	
.	721	0	1	0	0	0	1	0	1	0	1	0	0	0	0	Castle Battlements
.	720	0	1	0	1	0	0	0	0	0	0	0	0	0	0	
.	722	0	1	0	0	0	1	0	1	0	1	0	0	1	0	
.	723	0	1	0	0	0	0	0	0	0	1	0	0	0	0	
.	725	0	1	0	1	0	1	0	1	0	0	0	1	0	0	

.	726	0	1	0	1	0	0	0	0	0	0	0	0	0	0	Metal Door
.	727	0	1	0	0	0	1	0	1	0	1	0	0	1	0	
.	728	0	1	0	0	0	0	0	0	0	1	0	0	0	0	
.	729	0	1	0	1	0	1	0	1	0	0	0	1	0	0	

DOOR TABLE BEGINS HERE																
\	1653	0	1	0	0	0	0	0	0	0	0	0	0	1	0	
\	1655	0	1	0	0	0	0	0	0	0	0	0	0	1	0	
\	1657	0	1	0	0	0	0	0	0	0	0	0	0	1	0	
\	1659	0	1	0	0	0	0	0	0	0	0	0	0	1	0	Rattan
./	1661	0	1	0	0	0	0	0	0	0	0	0	1	0	0	
./	1663	0	1	0	0	0	0	0	0	0	0	0	1	0	0	
./	1665	0	1	0	0	0	0	0	0	0	0	0	1	0	0	
./	1667	0	1	0	0	0	0	0	0	0	0	0	1	0	0	

\	1685	0	1	0	0	0	0	0	0	0	0	0	0	1	0	
\	1687	0	1	0	0	0	0	0	0	0	0	0	0	1	0	
\	1689	0	1	0	0	0	0	0	0	0	0	0	0	1	0	
\	1691	0	1	0	0	0	0	0	0	0	0	0	0	1	0	Dark Wood Door
./	1693	0	1	0	0	0	0	0	0	0	0	0	1	0	0	
./	1695	0	1	0	0	0	0	0	0	0	0	0	1	0	0	
./	1697	0	1	0	0	0	0	0	0	0	0	0	1	0	0	
./	1699	0	1	0	0	0	0	0	0	0	0	0	1	0	0	

\	1701	0	1	0	0	0	0	0	0	0	0	0	0	1	0	
\	1703	0	1	0	0	0	0	0	0	0	0	0	0	1	0	
\	1705	0	1	0	0	0	0	0	0	0	0	0	0	1	0	
\	1707	0	1	0	0	0	0	0	0	0	0	0	0	1	0	Wood Door
./	1709	0	1	0	0	0	0	0	0	0	0	0	1	0	0	
./	1711	0	1	0	0	0	0	0	0	0	0	0	1	0	0	
./	1713	0	1	0	0	0	0	0	0	0	0	0	1	0	0	
./	1715	0	1	0	0	0	0	0	0	0	0	0	1	0	0	

\	1717	0	1	0	0	0	0	0	0	0	0	0	0	1	0	
\	1719	0	1	0	0	0	0	0	0	0	0	0	0	1	0	
\	1721	0	1	0	0	0	0	0	0	0	0	0	0	1	0	
\	1723	0	1	0	0	0	0	0	0	0	0	0	0	1	0	Light Wood Door
./	1725	0	1	0	0	0	0	0	0	0	0	0	1	0	0	
./	1727	0	1	0	0	0	0	0	0	0	0	0	1	0	0	
./	1729	0	1	0	0	0	0	0	0	0	0	0	1	0	0	
./	1731	0	1	0	0	0	0	0	0	0	0	0	1	0	0	

\	1749	0	1	0	0	0	0	0	0	0	0	0	0	1	0	
\	1751	0	1	0	0	0	0	0	0	0	0	0	0	1	0	
\	1753	0	1	0	0	0	0	0	0	0	0	0	0	1	0	
\	1755	0	1	0	0	0	0	0	0	0	0	0	0	1	0	Wood And Metal Door
./	1757	0	1	0	0	0	0	0	0	0	0	0	1	0	0	
./	1759	0	1	0	0	0	0	0	0	0	0	0	1	0	0	
./	1761	0	1	0	0	0	0	0	0	0	0	0	1	0	0	
./	1763	0	1	0	0	0	0	0	0	0	0	0	1	0	0	

\	1765	0	1	0	0	0	0	0	0	0	0	0	0	1	0	
\	1767	0	1	0	0	0	0	0	0	0	0	0	0	1	0	
\	1769	0	1	0	0	0	0	0	0	0	0	0	0	1	0	
\	1771	0	1	0	0	0	0	0	0	0	0	0	0	1	0	Tall Iron Gate
./	1773	0	1	0	0	0	0	0	0	0	0	0	1	0	0	
./	1775	0	1	0	0	0	0	0	0	0	0	0	1	0	0	
./	1777	0	1	0	0	0	0	0	0	0	0	0	1	0	0	
./	1779	0	1	0	0	0	0	0	0	0	0	0	1	0	0	

\	2084	0	1	0	0	0	0	0	0	0	0	0	0	1	0	
\	2086	0	1	0	0	0	0	0	0	0	0	0	0	1	0	
\	2088	0	1	0	0	0	0	0	0	0	0	0	0	1	0	
\	2090	0	1	0	0	0	0	0	0	0	0	0	0	1	0	Light Wood Gate
./	2092	0	1	0	0	0	0	0	0	0	0	0	1	0	0	
./	2094	0	1	0	0	0	0	0	0	0	0	0	1	0	0	
./	2096	0	1	0	0	0	0	0	0	0	0	0	1	0	0	
./	2098	0	1	0	0	0	0	0	0	0	0	0	1	0	0	

\	2105	0	1	0	0	0	0	0	0	0	0	0	0	1	0	
\	2107	0	1	0	0	0	0	0	0	0	0	0	0	1	0	
\	2109	0	1	0	0	0	0	0	0	0	0	0	0	1	0	
\	2111	0	1	0	0	0	0	0	0	0	0	0	0	1	0	Short Iron Gate
./	2113	0	1	0	0	0	0	0	0	0	0	0	1	0	0	
./	2115	0	1	0	0	0	0	0	0	0	0	0	1	0	0	
./	2117	0	1	0	0	0	0	0	0	0	0	0	1	0	0	
./	2119	0	1	0	0	0	0	0	0	0	0	0	1	0	0	

\	2124	0	1	0	0	0	0	0	0	0	0	0	0	1	0	
\	2126	0	1	0	0	0	0	0	0	0	0	0	0	1	0	
\	2128	0	1	0	0	0	0	0	0	0	0	0	0	1	0	
\	2130	0	1	0	0	0	0	0	0	0	0	0	0	1	0	Dark Wood Gate
./	2132	0	1	0	0	0	0	0	0	0	0	0	1	0	0	
./	2134	0	1	0	0	0	0	0	0	0	0	0	1	0	0	
./	2136	0	1	0	0	0	0	0	0	0	0	0	1	0	0	
./	2138	0	1	0	0	0	0	0	0	0	0	0	1	0	0	

\	2150	0	1	0	0	0	0	0	0	0	0	0	0	1	0	
\	2152	0	1	0	0	0	0	0	0	0	0	0	0	1	0	
\	2154	0	1	0	0	0	0	0	0	0	0	0	0	1	0	
\	2156	0	1	0	0	0	0	0	0	0	0	0	0	1	0	Weathered Stone Secret
./	2158	0	1	0	0	0	0	0	0	0	0	0	1	0	0	
./	2160	0	1	0	0	0	0	0	0	0	0	0	1	0	0	
./	2162	0	1	0	0	0	0	0	0	0	0	0	1	0	0	
./	2164	0	1	0	0	0	0	0	0	0	0	0	1	0	0	

\	804	0	1	0	0	0	0	0	0	0	0	0	0	1	0	
\	806	0	1	0	0	0	0	0	0	0	0	0	0	1	0	
\	808	0	1	0	0	0	0	0	0	0	0	0	0	1	0	
\	810	0	1	0	0	0	0	0	0	0	0	0	0	1	0	Dark Wood Secret
./	812	0	1	0	0	0	0	0	0	0	0	0	1	0	0	
./	814	0	1	0	0	0	0	0	0	0	0	0	1	0	0	
./	816	0	1	0	0	0	0	0	0	0	0	0	1	0	0	
./	818	0	1	0	0	0	0	0	0	0	0	0	1	0	0	

\	820	0	1	0	0	0	0	0	0	0	0	0	0	1	0	
\	822	0	1	0	0	0	0	0	0	0	0	0	0	1	0	
\	824	0	1	0	0	0	0	0	0	0	0	0	0	1	0	
\	826	0	1	0	0	0	0	0	0	0	0	0	0	1	0	Light Wood Secret
./	828	0	1	0	0	0	0	0	0	0	0	0	1	0	0	
./	830	0	1	0	0	0	0	0	0	0	0	0	1	0	0	
./	832	0	1	0	0	0	0	0	0	0	0	0	1	0	0	
./	834	0	1	0	0	0	0	0	0	0	0	0	1	0	0	

\	836	0	1	0	0	0	0	0	0	0	0	0	0	1	0	
\	838	0	1	0	0	0	0	0	0	0	0	0	0	1	0	
\	840	0	1	0	0	0	0	0	0	0	0	0	0	1	0	
\	842	0	1	0	0	0	0	0	0	0	0	0	0	1	0	Grey Stone Secret
./	844	0	1	0	0	0	0	0	0	0	0	0	1	0	0	
./	846	0	1	0	0	0	0	0	0	0	0	0	1	0	0	
./	848	0	1	0	0	0	0	0	0	0	0	0	1	0	0	
./	850	0	1	0	0	0	0	0	0	0	0	0	1	0	0	

\	9249	0	1	0	0	0	0	0	0	0	0	0	0	1	0	Japanese Doors
\	9251	0	1	0	0	0	0	0	0	0	0	0	0	1	0	
./	9247	0	1	0	0	0	0	0	0	0	0	0	1	0	0	

\	10765	0	1	0	0	0	0	0	0	0	0	0	0	1	0	Sliding Doors 1
\	10769	0	1	0	0	0	0	0	0	0	0	0	0	1	0	
./	10767	0	1	0	0	0	0	0	0	0	0	0	1	0	0	
./	10771	0	1	0	0	0	0	0	0	0	0	0	1	0	0	

\	10757	0	1	0	0	0	0	0	0	0	0	0	0	1	0	Sliding Doors 2
\	10759	0	1	0	0	0	0	0	0	0	0	0	0	1	0	
./	10761	0	1	0	0	0	0	0	0	0	0	0	1	0	0	
./	10763	0	1	0	0	0	0	0	0	0	0	0	1	0	0	

\	10773	0	1	0	0	0	0	0	0	0	0	0	0	1	0	Sliding Doors 3
\	10775	0	1	0	0	0	0	0	0	0	0	0	0	1	0	
./	10777	0	1	0	0	0	0	0	0	0	0	0	1	0	0	
./	10779	0	1	0	0	0	0	0	0	0	0	0	1	0	0	

\	852	0	1	0	0	0	0	0	0	0	0	0	0	1	0	
\	854	0	1	0	0	0	0	0	0	0	0	0	0	1	0	
\	856	0	1	0	0	0	0	0	0	0	0	0	0	1	0	
\	858	0	1	0	0	0	0	0	0	0	0	0	0	1	0	Barred Metal
./	860	0	1	0	0	0	0	0	0	0	0	0	1	0	0	
./	862	0	1	0	0	0	0	0	0	0	0	0	1	0	0	
./	864	0	1	0	0	0	0	0	0	0	0	0	1	0	0	
./	866	0	1	0	0	0	0	0	0	0	0	0	1	0	0	

\	8173	1	1	0	0	1	1	1	1	1	1	1	0	1	0	
\	8175	1	1	0	0	1	1	1	1	1	1	1	0	1	0	
\	8177	1	1	0	0	1	1	1	1	1	1	1	0	1	0	
\	8179	1	1	0	0	1	1	1	1	1	1	1	0	1	0	Tall Wrought Iron
./	8181	1	1	1	1	1	1	1	1	0	0	1	1	0	0	
./	8183	1	1	1	1	1	1	1	1	0	0	1	1	0	0	
./	8185	1	1	1	1	1	1	1	1	0	0	1	1	0	0	
./	8187	1	1	1	1	1	1	1	1	0	0	1	1	0	0	Medium Wrouoght Iron

\	2083	1	1	0	0	1	1	1	1	1	1	1	0	1	0	
v	2082	1	1	1	1	1	1	1	1	1	1	1	0	0	0	
./	2081	1	1	1	1	1	1	1	1	0	0	1	1	0	0	Wood Fence 1

\	2123	0	1	0	0	0	1	0	1	0	1	0	0	1	0	
v	2122	0	1	0	1	0	1	0	1	0	1	0	0	0	0	
./	2121	0	1	0	1	0	1	0	1	0	0	0	1	0	0	
																Wood Fence 2
\	2141	0	1	0	0	0	1	0	1	0	1	0	0	1	0	
v	2140	0	1	0	1	0	1	0	1	0	1	0	0	0	0	
./	2142	0	1	0	1	0	1	0	1	0	0	0	1	0	0	
o	2143	0	1	0	0	0	1	0	1	0	0	0	1	1	1	
																Bannisters
\	2147	0	1	0	0	0	1	0	1	0	1	0	0	1	0	
v	2146	0	1	0	1	0	1	0	1	0	1	0	0	0	0	
./	2148	0	1	0	1	0	1	0	1	0	0	0	1	0	0	
o	2149	0	1	0	0	0	1	0	1	0	0	0	1	1	1	

*	2226	0	1	0	1	0	0	0	1	0	1	0	0	0	0	
*	2227	0	1	0	1	0	1	0	1	0	0	0	1	0	0	
*	2228	0	1	0	1	0	1	0	0	0	1	0	0	0	0	
*	2229	0	1	0	0	0	1	0	1	0	1	0	0	1	0	
*	2230	0	1	0	1	0	1	0	1	0	1	0	0	0	0	
*	2231	0	1	0	0	0	1	0	1	0	1	0	0	1	0	
*	2232	0	1	0	1	0	1	0	1	0	0	0	1	0	0	
*	2233	0	1	0	0	0	1	0	1	0	0	0	1	1	1	
*	2234	0	1	0	0	0	1	0	1	0	1	0	0	1	0	
*	2235	0	1	0	1	0	1	0	1	0	0	0	1	0	0	
*	2236	0	1	0	1	0	1	0	0	0	1	0	0	0	0	
*	2237	0	1	0	1	0	0	0	1	0	1	0	0	0	0	
*	2238	0	1	0	1	0	1	0	0	0	1	0	0	0	0	
*	2239	0	1	0	1	0	0	0	1	0	1	0	0	0	0	
*	2240	0	1	0	1	0	0	0	0	0	1	0	0	0	0	
*	2241	0	1	0	0	0	1	0	1	0	1	0	0	1	0	
*	2242	0	1	0	1	0	1	0	1	0	0	0	1	0	0	Wood Fence 3
*	2243	0	0	0	1	0	1	0	1	0	0	0	1	0	0	
*	2244	0	0	0	1	0	0	0	1	0	1	0	0	0	0	
*	2245	0	0	0	0	0	1	0	1	0	1	0	0	1	0	
*	2246	0	0	0	1	0	1	0	0	0	1	0	0	0	0	
																Wood/Stone Fence 1
\	2231	0	1	0	0	0	1	0	1	0	1	0	0	1	0	
v	2230	0	1	0	1	0	1	0	1	0	1	0	0	0	0	
./	2232	0	1	0	1	0	1	0	1	0	0	0	1	0	0	
o	2233	0	1	0	0	0	1	0	1	0	0	0	1	1	1	
																Wood/Stone Fence 2
\	2285	0	1	0	0	0	1	0	1	0	1	0	0	1	0	
.	2283	0	1	0	0	0	0	0	1	0	1	0	0	1	0	
./	2286	0	1	0	1	0	1	0	1	0	0	0	1	0	0	
`	2284	0	1	0	1	0	1	0	0	0	0	0	1	0	0	
																Wood/Stone Fence 2
\	2289	0	1	0	0	0	1	0	1	0	1	0	0	1	0	
.	2287	0	1	0	0	0	0	0	1	0	1	0	0	1	0	
./	2288	0	1	0	1	0	1	0	1	0	0	0	1	0	0	
`	2290	0	1	0	1	0	1	0	0	0	0	0	1	0	0	
																Wood/Stone Fence 2
\	2294	0	1	0	0	0	1	0	1	0	1	0	0	1	0	
.	2291	0	1	0	0	0	0	0	1	0	1	0	0	1	0	
./	2292	0	1	0	1	0	1	0	1	0	0	0	1	0	0	
`	2293	0	1	0	1	0	1	0	0	0	0	0	1	0	0	
																Wood Slats
\	2297	0	1	0	0	0	1	0	1	0	1	0	0	1	0	
.	2295	0	1	0	0	0	0	0	1	0	1	0	0	1	0	
./	2296	0	1	0	1	0	1	0	1	0	0	0	1	0	0	Waterfalls
`	2298	0	1	0	1	0	1	0	0	0	0	0	1	0	0	

\\	2299	0	0	0	0	0	1	0	0	0	1	0	0	1	0	
//	2300	0	0	0	1	0	0	0	1	0	0	0	1	0	0	

*	13550	0	1	0	0	0	0	0	0	0	0	0	0	0	0	
*	13582	0	1	0	0	0	0	0	0	0	0	0	0	0	0	
*	13556	0	1	0	0	0	0	0	0	0	0	0	0	0	0	
*	13586	0	1	0	0	0	0	0	0	0	0	0	0	0	0	
*	13559	0	1	0	0	0	0	0	0	0	0	0	0	0	0	
*	13592	0	1	0	0	0	0	0	0	0	0	0	0	0	0	
*	13562	0	1	0	0	0	0	0	0	0	0	0	0	0	0	Bars
*	13598	0	1	0	0	0	0	0	0	0	0	0	0	0	0	
*	13568	0	1	0	0	0	0	0	0	0	0	0	0	0	0	
*	13604	0	1	0	0	0	0	0	0	0	0	0	0	0	0	
*	13574	0	1	0	0	0	0	0	0	0	0	0	0	0	0	

*	6424	0	1	0	0	0	0	0	0	0	0	0	0	0	0	
*	6429	0	1	0	0	0	0	0	0	0	0	0	0	0	0	
*	6425	0	1	0	0	0	0	0	0	0	0	0	0	0	0	
*	6428	0	1	0	0	0	0	0	0	0	0	0	0	0	0	
*	6416	0	1	0	0	0	0	0	0	0	0	0	0	0	0	
*	6419	0	1	0	0	0	0	0	0	0	0	0	0	0	0	
*	6427	0	1	0	0	0	0	0	0	0	0	0	0	0	0	
*	6431	0	1	0	0	0	0	0	0	0	0	0	0	0	0	
*	6426	0	1	0	0	0	0	0	0	0	0	0	0	0	0	
*	6430	0	1	0	0	0	0	0	0	0	0	0	0	0	0	
*	6417	0	1	0	0	0	0	0	0	0	0	0	0	0	0	
*	6418	0	1	0	0	0	0	0	0	0	0	0	0	0	0	

\	11508	1	1	0	0	1	1	1	1	1	1	1	0	1	0	
./	11197	1	1	1	1	1	1	1	1	0	0	1	1	0	0	
./	11509	1	1	1	1	1	1	1	1	0	0	1	1	0	0	
./	11131	1	1	1	1	1	1	1	1	0	0	1	1	0	0	
\	11132	1	1	0	0	1	1	1	1	1	1	1	0	1	0	
\	11198	1	1	0	0	1	1	1	1	1	1	1	0	1	0	White Marble Fancy Std
./	11507	1	1	1	1	1	1	1	1	0	0	1	1	0	0	
\	11564	1	1	0	0	1	1	1	1	1	1	1	0	1	0	
\	11585	1	1	0	0	1	1	1	1	1	1	1	0	1	0	White Marble Fancy Std
v	11717	0	1	0	1	0	1	0	1	0	1	1	0	0	0	
v	11546	0	1	0	1	0	1	0	1	0	1	1	0	0	0	
v	11183	0	1	0	1	0	1	0	1	0	1	1	0	0	0	
v	11211	0	1	0	1	0	1	0	1	0	1	1	0	0	0
v	11545	1	1	0	1	0	1	0	1	0	1	0	0	0	0
v	11716	1	1	0	1	0	1	0	1	0	1	0	0	0	0
v	11182	1	1	0	1	0	1	0	1	0	1	0	0	0	0
v	11209	1	1	0	1	0	1	0	1	0	1	0	0	0	0
v	11544	1	1	0	1	0	1	0	1	0	1	0	0	0	0
v	11715	1	1	0	1	0	1	0	1	0	1	0	0	0	0
v	11181	1	1	0	1	0	1	0	1	0	1	0	0	0	0
v	11207	1	1	0	1	0	1	0	1	0	1	0	0	0	0
v	11767	1	1	0	1	0	1	0	1	0	1	0	0	0	0
v	11771	1	1	0	1	0	1	0	1	0	1	0	0	0	0
o	11547	1	1	0	0	0	1	0	1	0	0	0	1	1	1
o	11184	1	1	0	0	0	1	0	1	0	0	0	1	1	1
o	11208	1	1	0	0	0	1	0	1	0	0	0	1	1	1
o	11718	1	1	0	0	0	1	0	1	0	0	0	1	1	1
o	11768	1	1	0	0	0	1	0	1	0	0	0	1	1	1
o	11772	1	1	0	0	0	1	0	1	0	0	0	1	1	1
o	11548	1	1	0	0	0	1	0	1	0	0	0	1	1	1
o	11185	1	1	0	0	0	1	0	1	0	0	0	1	1	1
o	11210	1	1	0	0	0	1	0	1	0	0	0	1	1	1
o	11719	1	1	0	0	0	1	0	1	0	0	0	1	1	1
o	11549	1	1	0	0	1	1	1	1	0	0	1	1	1	1
o	11186	1	1	0	0	1	1	1	1	0	0	1	1	1	1
o	11212	1	1	0	0	1	1	1	1	0	0	1	1	1	1
o	11720	1	1	0	0	1	1	1	1	0	0	1	1	1	1
\	11583	1	1	0	0	0	1	0	1	0	1	0	0	1	0
\	11196	1	1	0	0	0	1	0	1	0	1	0	0	1	0
\	11506	1	1	0	0	0	1	0	1	0	1	0	0	1	0
\	11130	1	1	0	0	0	1	0	1	0	1	0	0	1	0
./	11582	1	1	0	1	0	1	0	1	0	0	0	1	0	0
./	11195	1	1	0	1	0	1	0	1	0	0	0	1	0	0
./	11505	1	1	0	1	0	1	0	1	0	0	0	1	0	0
./	11729	1	1	0	1	0	1	0	1	0	0	0	1	0	0	
./	11580	1	1	0	1	0	1	0	1	0	0	0	1	0	0	
./	11193	1	1	0	1	0	1	0	1	0	0	0	1	0	0	
./	11503	1	1	0	1	0	1	0	1	0	0	0	1	0	0	
./	11769	1	1	0	1	0	1	0	1	0	0	0	1	0	0	
./	11727	1	1	0	1	0	1	0	1	0	0	0	1	0	0	
\	11581	1	1	0	0	0	1	0	1	0	1	0	0	1	0	Light Brick Quarter
\	11194	1	1	0	0	0	1	0	1	0	1	0	0	1	0	Light Brick Quarter
\	11504	1	1	0	0	0	1	0	1	0	1	0	0	1	0	Light Brick Quarter
\	11728	1	1	0	0	0	1	0	1	0	1	0	0	1	0	Light Brick Quarter
\	11770	1	1	0	0	0	1	0	1	0	1	0	0	1	0	Light Brick Quarter
\	11774	1	1	0	0	0	1	0	1	0	1	0	0	1	0	Light Brick Quarter
\	11510	1	1	0	0	1	1	1	1	1	1	1	0	1	0	
\	11512	1	1	0	0	1	1	1	1	1	1	1	0	1	0	
\	11587	1	1	0	0	1	1	1	1	1	1	1	0	1	0	
\	11569	1	1	0	0	1	1	1	1	1	1	1	0	1	0	
\	11133	1	1	0	0	1	1	1	1	1	1	1	0	1	0
\	11136	1	1	0	0	1	1	1	1	1	1	1	0	1	0
\	11200	1	1	0	0	1	1	1	1	1	1	1	0	1	0
\	11202	1	1	0	0	1	1	1	1	1	1	1	0	1	0
./	11586	1	1	1	1	1	1	1	1	0	0	1	1	0	0
./	11588	1	1	1	1	1	1	1	1	0	0	1	1	0	0
./	10687	1	1	1	1	1	1	1	1	0	0	1	1	0	0
./	11137	1	1	1	1	1	1	1	1	0	0	1	1	0	0
./	11135	1	1	1	1	1	1	1	1	0	0	1	1	0	0
./	11199	1	1	1	1	1	1	1	1	0	0	1	1	0	0
./	11201	1	1	1	1	1	1	1	1	0	0	1	1	0	0
./	11511	1	1	1	1	1	1	1	1	0	0	1	1	0	0
\	11188	1	0	0	0	1	0	0	0	1	0	1	0	1	0
\	11214	1	0	0	0	1	0	0	0	1	0	1	0	1	0
\	11722	1	0	0	0	1	0	0	0	1	0	1	0	1	0
\	11575	1	0	0	0	1	0	0	0	1	0	1	0	1	0
./	11187	1	0	1	0	0	0	1	0	0	0	1	1	0	0
./	11213	1	0	1	0	0	0	1	0	0	0	1	1	0	0
./	11574	1	0	1	0	0	0	1	0	0	0	1	1	0	0
./	11721	1	0	1	0	0	0	1	0	0	0	1	1	0	0
./	11540	1	1	1	1	1	1	1	1	0	0	1	1	0	0
./	11711	1	1	1	1	1	1	1	1	0	0	1	1	0	0
./	11177	1	1	1	1	1	1	1	1	0	0	1	1	0	0
./	11203	1	1	1	1	1	1	1	1	0	0	1	1	0	0
o	11541	1	1	0	0	1	1	1	1	0	0	1	1	1	1
o	11712	1	1	0	0	1	1	1	1	0	0	1	1	0	0
./	11176	1	0	1	0	1	0	1	0	0	0	1	1	0	0
o	11204	1	1	0	0	1	1	1	1	0	0	1	1	1	1
o	11542	1	1	0	0	1	1	1	1	0	0	1	1	1	1
o	11713	1	1	0	0	1	1	1	1	0	0	1	1	1	1
o	11179	1	1	0	0	1	1	1	1	0	0	1	1	1	1
o	11205	1	1	0	0	1	1	1	1	0	0	1	1	1	1
\	11543	1	1	0	0	1	1	1	1	1	1	1	0	1	0	
\	11714	1	1	0	0	1	1	1	1	1	1	1	0	1	0	
\	11180	1	1	0	0	1	1	1	1	1	1	1	0	1	0	
\	11208	1	1	0	0	1	1	1	1	1	1	1	0	1	0	
./	11134	1	1	1	1	1	1	1	1	0	0	1	1	0	0	
./	11590	0	1	0	0	0	0	0	0	0	0	0	1	0	0	Elf Wooden Door
./	11620	0	1	0	0	0	0	0	0	0	0	0	1	0	0	

./	12704	0	1	0	0	0	0	0	0	0	0	0	1	0	0	
\	12708	0	1	0	0	0	0	0	0	0	0	0	0	1	0	 Door
./	12714	0	1	0	0	0	0	0	0	0	0	0	1	0	0	
./	12718	0	1	0	0	0	0	0	0	0	0	0	1	0	0	
./	11624	0	1	0	0	0	0	0	0	0	0	0	1	0	0	
o	11178	1	1	0	0	1	1	1	1	0	0	1	1	1	1	
./	11590	0	1	0	0	0	0	0	0	0	0	0	1	0	0	
./	11619	0	1	0	0	0	0	0	0	0	0	0	1	0	0	
./	11623	0	1	0	0	0	0	0	0	0	0	0	1	0	0
./	11627	0	1	0	0	0	0	0	0	0	0	0	1	0	0
./	12705	0	1	0	0	0	0	0	0	0	0	0	1	0	0
./	12709	0	1	0	0	0	0	0	0	0	0	0	1	0	0

./	12717	0	1	0	0	0	0	0	0	0	0	0	1	0	0
./	11589	1	1	0	0	1	1	1	1	1	1	1	0	1	0
\	11592	0	1	0	0	0	0	0	0	0	0	0	1	0	0
./	11621	0	1	0	0	0	0	0	0	0	0	0	1	0	0
\	11625	0	1	0	0	0	0	0	0	0	0	0	0	1	0
\	11629	0	1	0	0	0	0	0	0	0	0	0	0	1	0
\	12707	0	1	0	0	0	0	0	0	0	0	0	0	1	0
\	12711	0	1	0	0	0	0	0	0	0	0	0	0	1	0

\	12719	0	1	0	0	0	0	0	0	0	0	0	0	1	0

./	11593	0	1	0	0	0	0	0	0	0	0	0	1	0	0	
./	11622	0	1	0	0	0	0	0	0	0	0	0	1	0	0	

./	12706	0	1	0	0	0	0	0	0	0	0	0	1	0	0	
./	12710	0	1	0	0	0	0	0	0	0	0	0	1	0	0	
./	12712	0	1	0	0	0	0	0	0	0	0	0	1	0	0	
./	12718	0	1	0	0	0	0	0	0	0	0	0	1	0	0	


./	11584	0	1	0	0	0	0	0	0	0	0	1	1	0	0	
./	11621	0	1	0	0	0	0	0	0	0	0	0	1	0	0	
\	12260	0	1	0	0	0	0	0	0	0	0	0	0	1	0	
\	11259	0	1	0	0	0	0	0	0	0	0	0	0	1	0	Wood And Metal Door
./	12258	0	1	0	0	0	0	0	0	0	0	0	1	0	0	

\	11206	1	1	0	0	1	1	1	1	1	1	1	0	1	0	
\	12716	0	1	0	0	0	0	0	0	0	0	0	0	1	0	Wood Door

\	12700	0	1	0	0	0	0	0	0	0	0	0	0	1	0	Moon Door
./	12702	0	1	0	0	0	0	0	0	0	0	0	0	1	0	Moon Door

v	12059	1	1	1	1	1	1	1	1	1	1	1	0	0	0	
v	12060	1	1	1	1	1	1	1	1	1	1	1	0	0	0	
v	12061	1	1	1	1	1	1	1	1	1	1	1	0	0	0	
v	12062	1	1	1	1	1	1	1	1	1	1	1	0	0	0	

\	13790	1	1	0	0	1	1	1	1	1	1	0	0	1	0	Crystal Quarter
\	13792	1	1	0	0	0	1	0	1	0	1	0	0	1	0	Half
\	13795	1	1	0	0	1	1	1	1	1	1	1	0	1	0	Full
\	13796	1	1	0	0	1	1	1	1	1	1	1	0	1	0	Full
\	13798	1	1	0	0	1	1	1	1	1	1	1	0	1	0	Full Window
./	13789	1	1	0	1	0	1	0	1	0	0	0	1	0	0	Quarter
./	13791	1	1	0	1	0	1	0	1	0	0	0	1	0	0	Half
./	13793	1	1	1	1	1	1	1	1	0	0	1	1	0	0	Full
./	13794	1	1	1	1	1	1	1	1	0	0	1	1	0	0	Full
./	13797	1	1	1	1	1	1	1	1	0	0	1	1	0	0	Full Window
v	13783	1	1	1	1	1	1	1	1	1	1	0	0	0	0	Quarter
v	13784	1	1	0	1	0	1	0	1	0	1	0	0	0	0	Half
v	13785	1	1	1	1	1	1	1	1	1	1	1	0	0	0	Full
o	13786	1	1	0	0	1	1	1	1	0	0	0	1	1	1	Quarter
o	13787	1	1	0	0	0	1	0	1	0	0	0	1	1	1	Half
o	13788	1	1	0	0	1	1	1	1	0	0	1	1	1	1	Full
\	13947	0	1	0	0	0	0	0	0	0	0	0	0	1	0	Door
\	13949	0	1	0	0	0	0	0	0	0	0	0	0	1	0	Door
\	13951	0	1	0	0	0	0	0	0	0	0	0	0	1	0	Door
\	13953	0	1	0	0	0	0	0	0	0	0	0	0	1	0	Door
./	13955	0	1	0	0	0	0	0	0	0	0	0	1	0	0	Door
./	13957	0	1	0	0	0	0	0	0	0	0	0	1	0	0	Door
./	13959	0	1	0	0	0	0	0	0	0	0	0	1	0	0	Door
./	13961	0	1	0	0	0	0	0	0	0	0	0	1	0	0	Door
o	13802	1	1	0	0	1	1	1	1	0	0	1	1	1	1	Pillar
o	13803	1	1	0	0	1	1	1	1	0	0	1	1	1	1	Pillar
o	13804	1	1	0	0	1	1	1	1	0	0	1	1	1	1	Pillar
o	13814	1	1	0	0	1	1	1	1	0	0	1	1	1	1	Pillar
o	13815	1	1	0	0	1	1	1	1	0	0	1	1	1	1	Pillar

\	13879	1	1	0	0	1	1	1	1	1	1	0	0	1	0	Shadow Quarter
\	13881	1	1	0	0	0	1	0	1	0	1	0	0	1	0	Half
\	13883	1	1	0	0	1	1	1	1	1	1	1	0	1	0	Full
\	13897	1	1	0	0	1	1	1	1	1	1	1	0	1	0	Full
\	13895	1	1	0	0	1	1	1	1	1	1	1	0	1	0	Full
\	13885	1	1	0	0	1	1	1	1	1	1	1	0	1	0	Full Window
\	13887	1	1	0	0	1	1	1	1	1	1	1	0	1	0	Full Window
./	13878	1	1	0	1	0	1	0	1	0	0	0	1	0	0	Quarter
./	13880	1	1	0	1	0	1	0	1	0	0	0	1	0	0	Half
./	13882	1	1	1	1	1	1	1	1	0	0	1	1	0	0	Full
./	13898	1	1	1	1	1	1	1	1	0	0	1	1	0	0	Full
./	13896	1	1	1	1	1	1	1	1	0	0	1	1	0	0	Full
./	13884	1	1	1	1	1	1	1	1	0	0	1	1	0	0	Full Window
./	13886	1	1	1	1	1	1	1	1	0	0	1	1	0	0	Full Window
v	13844	1	1	0	0	0	1	0	1	0	1	0	0	1	0	Quarter
v	13845	1	1	0	1	0	1	0	1	0	1	0	0	0	0	Half
v	13846	1	1	1	1	1	1	1	1	1	1	1	0	0	0	Full
v	13843	1	1	1	1	1	1	1	1	1	1	1	0	0	0	Full
o	13847	1	1	0	0	0	1	0	1	0	0	0	1	1	1	Quarter
o	13848	1	1	0	0	0	1	0	1	0	0	0	1	1	1	Half
o	13849	1	1	0	0	1	1	1	1	0	0	1	1	1	1	Full
o	13842	1	1	0	0	1	1	1	1	0	0	1	1	1	1	Full
\	13963	0	1	0	0	0	0	0	0	0	0	0	0	1	0	Door
\	13965	0	1	0	0	0	0	0	0	0	0	0	0	1	0	Door
\	13967	0	1	0	0	0	0	0	0	0	0	0	0	1	0	Door
\	13969	0	1	0	0	0	0	0	0	0	0	0	0	1	0	Door
./	13971	0	1	0	0	0	0	0	0	0	0	0	1	0	0	Door
./	13973	0	1	0	0	0	0	0	0	0	0	0	1	0	0	Door
./	13975	0	1	0	0	0	0	0	0	0	0	0	1	0	0	Door
./	13977	0	1	0	0	0	0	0	0	0	0	0	1	0	0	Door
o	13802	1	1	0	0	1	1	1	1	0	0	1	1	1	1	Pillar
o	13803	1	1	0	0	1	1	1	1	0	0	1	1	1	1	Pillar
o	13804	1	1	0	0	1	1	1	1	0	0	1	1	1	1	Pillar
o	13814	1	1	0	0	1	1	1	1	0	0	1	1	1	1	Pillar
o	13815	1	1	0	0	1	1	1	1	0	0	1	1	1	1	Pillar
\	13840	1	1	0	0	1	0	1	0	1	0	1	0	1	0	Arch
\	13841	1	1	0	0	1	1	1	1	1	1	1	0	1	0	Arch
./	13838	1	1	1	1	1	1	1	1	0	0	1	1	0	0	Arch
./	13839	1	1	1	0	1	0	1	0	0	0	1	1	0	0	Arch
